   -48.9855    
    1.22049    
   -412.351    
   -941.858    
    52.2871    
   -2.84407    
  -0.105004    
    1129.66    
   0.153704E-01
   0.139107E-01
   0.965452E-01
   0.220076E-01
   0.342745    
   0.202684E-01
   0.958588E-01
   0.188490E-01
   0.163458E-01
   0.186637E-01
   0.312202E-01
   0.220429E-01
   0.151153E-01
   0.940556E-01
   0.253450E-01
   0.138086E-01
   0.118250    
   0.599303E-01
   0.154221E-01
   0.167602E-01
   0.160660E-01
   0.236869E-01
   0.110654E-01
   0.165671E-01
     Q=    6.79311    
 B_rms=    47.4475    
