    9.78901    
   -247.047    
   -1.72681    
    15.3086    
    21.1383    
    6.02547    
   0.170235    
  -0.487922E-03
   0.231411E-01
   0.147447E-01
   0.262782E-01
   0.868582E-01
   0.142644E-01
   0.363942E-01
   0.147841E-01
   0.203660    
   0.128247    
   0.141409E-01
   0.113960E-01
   0.175894E-01
   0.220450E-01
   0.114812E-01
   0.519804E-01
   0.190353E-01
   0.155890E-01
   0.949531E-01
   0.289918E-01
   0.106200    
  -0.607280    
   0.110129E-01
    6.91456    
    2.16395    
     Q=    9.11922    
 B_rms=    45.6423    
