   -55.3575    
    1.82440    
   -406.557    
   -1044.49    
    79.2250    
   -12.7705    
    186.795    
    983.344    
   0.153704E-01
   0.139107E-01
   0.965452E-01
   0.315947E-01
   0.318833    
   0.202684E-01
   0.958588E-01
   0.188490E-01
   0.163458E-01
   0.173616E-01
   0.312202E-01
   0.220429E-01
   0.151153E-01
   0.940556E-01
   0.253450E-01
   0.148443E-01
   0.118250    
   0.599303E-01
   0.154221E-01
   0.167602E-01
   0.160660E-01
   0.236869E-01
   0.110654E-01
   0.178096E-01
     Q=    9.11927    
 B_rms=    45.6423    
