 -95.51666144632891 0.0E+0 28.66915366192074 0.04751239155602533 0.0E+0 0.998870648607029 2.8499999046325683
 -95.51666144632891 -2.5063371134791926E-6 -28.66915366192063 0.04751239155602533 -8.732404896535418E-8 -0.9988706486070252 2.8499999046325683
 -93.89147453493344 0.0E+0 28.59125129536238 0.048250590122181545 0.0E+0 0.9988352619690903 2.8459999044425785
 -93.89147453493344 -2.4995266720257914E-6 -28.591251295362273 0.048250590122181545 -8.732095536709061E-8 -0.9988352619690866 2.8459999044425785
 -92.31240646590592 0.0E+0 28.514387149461054 0.048992181534084765 0.0E+0 0.9987991620683967 2.8419999042525887
 -92.31240646590592 -2.4928069947084852E-6 -28.514387149460947 0.048992181534084765 -8.731779941341411E-8 -0.9987991620683929 2.8419999042525887
 -90.77753107078458 0.0E+0 28.438529143062645 0.04973720258381861 0.0E+0 0.9987623394377344 2.837999904062599
 -90.77753107078458 -2.486175276903596E-6 -28.43852914306254 0.04973720258381861 -8.731458027667456E-8 -0.9987623394377306 2.837999904062599
 -89.28502670779366 0.0E+0 28.36364653462915 0.05048568972740242 0.0E+0 0.9987247844790617 2.833999903872609
 -89.28502670779366 -2.479628831100409E-6 -28.363646534629044 0.05048568972740242 -8.731129711778446E-8 -0.9987247844790579 2.833999903872609
 -87.6544628618308 0.0E+0 28.280532853752653 0.051331925786403304 0.0E+0 0.998681647671098 2.8294999036588706
 -87.6544628618308 -2.472362802061843E-6 -28.280532853752546 0.051331925786403304 -8.73075259781118E-8 -0.9986816476710942 2.8294999036588706
 -86.0730280281216 0.0E+0 28.198576233898535 0.05218264523077386 0.0E+0 0.9986375576437726 2.824999903445132
 -86.0730280281216 -2.465197926514487E-6 -28.19857623389843 0.05218264523077386 -8.730367150535257E-8 -0.9986375576437688 2.824999903445132
 -84.53854034774552 0.0E+0 28.117738326504664 0.05303789841864093 0.0E+0 0.9985925001377359 2.8204999032313935
 -84.53854034774552 -2.458130851920431E-6 -28.117738326504557 0.05303789841864093 -8.72997324529148E-8 -0.9985925001377322 2.8204999032313935
 -83.04894378727236 0.0E+0 28.037982486548912 0.05389773515326654 0.0E+0 0.9985464606844031 2.815999903017655
 -83.04894378727236 -2.4511583746699665E-6 -28.037982486548806 0.05389773515326654 -8.72957075559146E-8 -0.9985464606843993 2.815999903017655
 -81.44413183961812 0.0E+0 27.95059141234223 0.054858544943360863 0.0E+0 0.9984941362104724 2.8109999027801677
 -81.44413183961812 -2.443518404015306E-6 -27.950591412342124 0.054858544943360863 -8.729113320494135E-8 -0.9984941362104687 2.8109999027801677
 -79.8898467670164 0.0E+0 27.86444712414274 0.05582514095020288 0.0E+0 0.998440560893782 2.8059999025426805
 -79.8898467670164 -2.435987430859464E-6 -27.864447124142632 0.05582514095020288 -8.728644950181668E-8 -0.9984405608937782 2.8059999025426805
 -78.38373891174047 0.0E+0 27.779505910659274 0.0567975890445878 0.0E+0 0.9983857139796833 2.8009999023051932
 -78.38373891174047 -2.4285616338398496E-6 -27.779505910659167 0.0567975890445878 -8.728165463211156E-8 -0.9983857139796796 2.8009999023051932
 -76.92360044825315 0.0E+0 27.69572609536433 0.05777595422672196 0.0E+0 0.9983295743957462 2.795999902067706
 -76.92360044825315 -2.4212373694785665E-6 -27.695726095364225 0.05777595422672196 -8.727674675361552E-8 -0.9983295743957424 2.795999902067706
 -75.36806822105126 0.0E+0 27.60486230949856 0.05885906666869423 0.0E+0 0.9982663022815556 2.79049990180647
 -75.36806822105126 -2.4132938047165176E-6 -27.604862309498457 0.05885906666869423 -8.727121532949625E-8 -0.9982663022815518 2.79049990180647
 -73.86305489620776 0.0E+0 27.51530532085215 0.05994950047290683 0.0E+0 0.9982014112357531 2.784999901545234
 -73.86305489620776 -2.4054644838002857E-6 -27.515305320852046 0.05994950047290683 -8.726554237387487E-8 -0.9982014112357493 2.784999901545234
 -72.40613072765616 0.0E+0 27.427007177516998 0.06104733845391437 0.0E+0 0.998134871882399 2.779499901283998
 -72.40613072765616 -2.397745214640759E-6 -27.427007177516895 0.06104733845391437 -8.725972531862499E-8 -0.9981348718823952 2.779499901283998
 -70.86893131280127 0.0E+0 27.332064066102436 0.0622535200592843 0.0E+0 0.998060368535004 2.7734999009990133
 -70.86893131280127 -2.3894450238986942E-6 -27.332064066102333 0.0622535200592843 -8.725321202887614E-8 -0.9980603685350002 2.7734999009990133
 -69.38348543927549 0.0E+0 27.23850848870478 0.063468714248914 0.0E+0 0.9979838286824039 2.7674999007140286
 -69.38348543927549 -2.381266135237737E-6 -27.238508488704678 0.063468714248914 -8.724652070218076E-8 -0.9979838286824001 2.7674999007140286
 -67.94720731822778 0.0E+0 27.14628699124121 0.06469302317435809 0.0E+0 0.9979052123085448 2.761499900429044
 -67.94720731822778 -2.373203875553365E-6 -27.14628699124111 0.06469302317435809 -8.723964784022419E-8 -0.997905212308541 2.761499900429044
 -66.44392295438875 0.0E+0 27.047827012189063 0.06602975981169006 0.0E+0 0.9978176540927759 2.7549999001203104
 -66.44392295438875 -2.3645962304655177E-6 -27.04782701218896 0.06602975981169006 -8.72319932575895E-8 -0.9978176540927721 2.7549999001203104
 -64.99263633987383 0.0E+0 26.950811929877872 0.06737743620479693 0.0E+0 0.9977275585501627 2.748499899811577
 -64.99263633987383 -2.3561149022675826E-6 -26.95081192987777 0.06737743620479693 -8.722411685478831E-8 -0.9977275585501589 2.748499899811577
 -63.48479828221208 0.0E+0 26.84788354418029 0.06884115467484625 0.0E+0 0.9976276336504687 2.741499899479095
 -63.48479828221208 -2.347116616648604E-6 -26.84788354418019 0.06884115467484625 -8.721538114226547E-8 -0.9976276336504649 2.741499899479095
 -62.031053433143995 0.0E+0 26.746495041935304 0.07031785187417737 0.0E+0 0.9975246361407829 2.7344998991466127
 -62.031053433143995 -2.338252951921933E-6 -26.746495041935204 0.07031785187417737 -8.720637681363528E-8 -0.9975246361407791 2.7344998991466127
 -60.62850996661135 0.0E+0 26.646581570620885 0.07180767359684273 0.0E+0 0.9974184969272475 2.7274998988141305
 -60.62850996661135 -2.329518238499804E-6 -26.646581570620785 0.07180767359684273 -8.71970978285206E-8 -0.9974184969272437 2.7274998988141305
 -59.17954881777353 0.0E+0 26.5410986008663 0.07341863685136138 0.0E+0 0.9973012101481117 2.7199998984578996
 -59.17954881777353 -2.3202966240408084E-6 -26.5410986008662 0.07341863685136138 -8.718684429223087E-8 -0.9973012101481079 2.7199998984578996
 -57.78320075228996 0.0E+0 26.43716714643177 0.07504500004283812 0.0E+0 0.9971801482022044 2.712499898101669
 -57.78320075228996 -2.311210647364311E-6 -26.43716714643167 0.07504500004283812 -8.717626072036698E-8 -0.9971801482022006 2.712499898101669
 -56.348539362064755 0.0E+0 26.327941182131656 0.07679694804945159 0.0E+0 0.9970467535528562 2.704499897721689
 -56.348539362064755 -2.301661809916607E-6 -26.327941182131556 0.07679694804945159 -8.716459898928335E-8 -0.9970467535528524 2.704499897721689
 -54.967277110642505 0.0E+0 26.22032668981065 0.07856680100778492 0.0E+0 0.9969088512895266 2.6964998973417095
 -54.967277110642505 -2.2922538518292152E-6 -26.220326689810551 0.07856680100778492 -8.715254319005427E-8 -0.9969088512895228 2.6964998973417095
 -53.55486783230112 0.0E+0 26.10767066946208 0.08046709928611062 0.0E+0 0.9967572653020791 2.6879998969379812
 -53.55486783230112 -2.2824051493461864E-6 -26.10767066946198 0.08046709928611062 -8.7139291121622E-8 -0.9967572653020753 2.6879998969379812
 -52.19607452283718 0.0E+0 25.99666952563264 0.08238804226040217 0.0E+0 0.9966003263558058 2.679499896534253
 -52.19607452283718 -2.272701120769023E-6 -25.99666952563254 0.08238804226040217 -8.712557108264793E-8 -0.996600326355802 2.679499896534253
 -50.812397361715454 0.0E+0 25.88085670462703 0.08444471797967307 0.0E+0 0.9964281658029011 2.670499896106776
 -50.812397361715454 -2.262576441996638E-6 -25.880856704626932 0.08444471797967307 -8.711052032850602E-8 -0.9964281658028973 2.670499896106776
 -49.40964216742707 0.0E+0 25.760433053727254 0.0866412846470622 0.0E+0 0.9962395734935983 2.66099989565555
 -49.40964216742707 -2.252048671656781E-6 -25.76043305372716 0.0866412846470622 -8.709403306453945E-8 -0.9962395734935945 2.66099989565555
 -48.06267535057443 0.0E+0 25.641788202690936 0.0888644410732643 0.0E+0 0.9960437295183061 2.6514998952043242
 -48.06267535057443 -2.241676408946058E-6 -25.64178820269084 0.0888644410732643 -8.707691183977242E-8 -0.9960437295183023 2.6514998952043242
 -46.70141100023723 0.0E+0 25.5187222241754 0.09123361532998145 0.0E+0 0.9958295172537421 2.6414998947293497
 -46.70141100023723 -2.2309176389803507E-6 -25.518722224175302 0.09123361532998145 -8.705818480809335E-8 -0.9958295172537384 2.6414998947293497
 -45.330698482729324 0.0E+0 25.39141038837977 0.09375357836202312 0.0E+0 0.9955954331676676 2.6309998942306265
 -45.330698482729324 -2.2197876843677187E-6 -25.391410388379675 0.09375357836202312 -8.703772052653408E-8 -0.9955954331676639 2.6309998942306265
 -43.95502985798424 0.0E+0 25.2600181934199 0.09642939731679463 0.0E+0 0.9953398270606476 2.6199998937081545
 -43.95502985798424 -2.208301013413535E-6 -25.260018193419803 0.09642939731679463 -8.701537473007246E-8 -0.9953398270606438 2.6199998937081545
 -42.637125128180585 0.0E+0 25.1305420366376 0.09914224139813825 0.0E+0 0.9950732716592048 2.6089998931856825
 -42.637125128180585 -2.1969818478434273E-6 -25.130542036637503 0.09914224139813825 -8.699207171585332E-8 -0.995073271659201 2.6089998931856825
 -41.31708648176247 0.0E+0 24.997113797750913 0.10201832799989727 0.0E+0 0.9947825193237492 2.597499892639462
 -41.31708648176247 -2.1853171802689517E-6 -24.997113797750817 0.10201832799989727 -8.696665333839521E-8 -0.9947825193237454 2.597499892639462
 -39.99851907703926 0.0E+0 24.85987031383788 0.10506333924758023 0.0E+0 0.9944655322061936 2.5854998920694924
 -39.99851907703926 -2.1733189733678775E-6 -24.85987031383779 0.10506333924758023 -8.693894144335313E-8 -0.9944655322061898 2.5854998920694924
 -38.68469407731929 0.0E+0 24.71893735478501 0.10828324984359995 0.0E+0 0.9941200821848982 2.5729998914757743
 -38.68469407731929 -2.1609982222933235E-6 -24.718937354784916 0.10828324984359995 -8.690874124213915E-8 -0.9941200821848944 2.5729998914757743
 -37.378555034229805 0.0E+0 24.574429262436463 0.11168432350706683 0.0E+0 0.9937437355187547 2.5599998908583074
 -37.378555034229805 -2.148364923127178E-6 -24.57442926243637 0.11168432350706683 -8.687583997033974E-8 -0.993743735518751 2.5599998908583074
 -36.08272786132403 0.0E+0 24.426448720367964 0.11527310744398372 0.0E+0 0.9933338364820802 2.546499890217092
 -36.08272786132403 -2.1354280527530915E-6 -24.426448720367872 0.11527310744398372 -8.684000545703281E-8 -0.9933338364820764 2.546499890217092
 -34.79953369095622 0.0E+0 24.2750866417783 0.11905642467728535 0.0E+0 0.9928874899720822 2.5324998895521275
 -34.79953369095622 -2.12219555905564E-6 -24.27508664177821 0.11905642467728535 -8.680098460428382E-8 -0.9928874899720784 2.5324998895521275
 -33.5310039580536 0.0E+0 24.12042216275987 0.123041364073715 0.0E+0 0.9924015430897312 2.5179998888634145
 -33.5310039580536 -2.1086743603320203E-6 -24.120422162759776 0.123041364073715 -8.675850177689455E-8 -0.9924015430897274 2.5179998888634145
 -32.27889711480672 0.0E+0 23.962522728316493 0.12723526791423181 0.0E+0 0.9918725657052894 2.5029998881509527
 -32.27889711480672 -2.0948703528119637E-6 -23.962522728316404 0.12723526791423181 -8.671225710338755E-8 -0.9918725657052856 2.5029998881509527
 -31.00586389938987 0.0E+0 23.796281719655116 0.1317892910586168 0.0E+0 0.9912777525811155 2.4869998873909935
 -31.00586389938987 -2.0803371016841625E-6 -23.796281719655027 0.1317892910586168 -8.666025688648957E-8 -0.9912777525811117 2.4869998873909935
 -29.755681548907684 0.0E+0 23.62703406236025 0.13657295975519798 0.0E+0 0.9906300150226144 2.4704998866072855
 -29.755681548907684 -2.0655410009743267E-6 -23.62703406236016 0.13657295975519798 -8.660362986841257E-8 -0.9906300150226106 2.4704998866072855
 -28.52914863134817 0.0E+0 23.45480421044231 0.1415945330709473 0.0E+0 0.9899247386566418 2.453499885799829
 -28.52914863134817 -2.05048418852003E-6 -23.45480421044222 0.1415945330709473 -8.654197264782832E-8 -0.989924738656638 2.453499885799829
 -27.293373785510777 0.0E+0 23.2746296836437 0.1470144171162112 0.0E+0 0.9891343493984933 2.435499884944875
 -27.293373785510777 -2.034732830501439E-6 -23.27462968364361 0.1470144171162112 -8.64728746215959E-8 -0.9891343493984895 2.435499884944875
 -26.085526729559333 0.0E+0 23.091601366914577 0.15269514913205153 0.0E+0 0.9882733384198626 2.416999884066172
 -26.085526729559333 -2.018731986233576E-6 -23.09160136691449 0.15269514913205153 -8.639760264823027E-8 -0.9882733384198589 2.416999884066172
 -24.875375560937573 0.0E+0 22.900837246340497 0.15880379725256463 0.0E+0 0.9873101609819308 2.3974998831399716
 -24.875375560937573 -2.0020548564880235E-6 -22.900837246340412 0.15880379725256463 -8.63133989989694E-8 -0.987310160981927 2.3974998831399716
 -23.696067832315833 0.0E+0 22.707276770433324 0.1651975320820391 0.0E+0 0.98626050077756 2.3774998821900226
 -23.696067832315833 -1.985133261585374E-6 -22.70727677043324 0.1651975320820391 -8.622163478584403E-8 -0.9862605007775562 2.3774998821900226
 -22.51985862468473 0.0E+0 22.506108099243053 0.17205030599221216 0.0E+0 0.985088164687804 2.356499881192576
 -22.51985862468473 -1.9675465371002645E-6 -22.50610809924297 0.17205030599221216 -8.611914590577885E-8 -0.9850881646878004 2.356499881192576
 -21.350341532974525 0.0E+0 22.297411091509577 0.1793815308800728 0.0E+0 0.9837795822129679 2.334499880147632
 -21.350341532974525 -1.949301664505744E-6 -22.297411091509491 0.1793815308800728 -8.600474598796452E-8 -0.9837795822129642 2.334499880147632
 -20.190654058576956 0.0E+0 22.08123892797803 0.18721103135588093 0.0E+0 0.9823197186958365 2.311499879055191
 -20.190654058576956 -1.930403293010396E-6 -22.08123892797795 0.18721103135588093 -8.587712066087086E-8 -0.9823197186958328 2.311499879055191
 -19.06678338107032 0.0E+0 21.862258310052641 0.1953831426538829 0.0E+0 0.9807269893128733 2.2879998779390007
 -19.06678338107032 -1.911259398624424E-6 -21.86225831005256 0.1953831426538829 -8.57378798304186E-8 -0.9807269893128696 2.2879998779390007
 -17.95533100660323 0.0E+0 21.63575892905026 0.20408614692511756 0.0E+0 0.978952932797721 2.263499876775313
 -17.95533100660323 -1.8914581930680718E-6 -21.63575892905018 0.20408614692511756 -8.558278687798026E-8 -0.9789529327977173 2.263499876775313
 -16.858407871549662 0.0E+0 21.401726054990952 0.21333986998385631 0.0E+0 0.9769780447253005 2.237999875564128
 -16.858407871549662 -1.8709983886055445E-6 -21.40172605499087 0.21333986998385631 -8.541013667249306E-8 -0.9769780447252968 2.237999875564128
 -15.757948071791994 0.0E+0 21.15557650170182 0.22335126274158695 0.0E+0 0.9747380229742444 2.210999874281697
 -15.757948071791994 -1.8494793103603326E-6 -21.15557650170174 0.22335126274158695 -8.521430774374691E-8 -0.9747380229742407 2.210999874281697
 -14.67735568870976 0.0E+0 20.901843681196883 0.2339601683732958 0.0E+0 0.9722461826177253 2.1829998729517683
 -14.67735568870976 -1.827297281813604E-6 -20.901843681196805 0.2339601683732958 -8.499646413245453E-8 -0.9722461826177217 2.1829998729517683
 -13.617665190703791 0.0E+0 20.64043338318219 0.24518512015791912 0.0E+0 0.9694762796753444 2.1539998715743422
 -13.617665190703791 -1.8044440668395564E-6 -20.640433383182113 0.24518512015791912 -8.475431151689109E-8 -0.9694762796753408 2.1539998715743422
 -12.579676046748903 0.0E+0 20.371230729826127 0.25704361386014545 0.0E+0 0.9663998036908515 2.1239998701494187
 -12.579676046748903 -1.780909622498789E-6 -20.37123072982605 0.25704361386014545 -8.448535743371201E-8 -0.9663998036908479 2.1239998701494187
 -11.563983768497383 0.0E+0 20.09410164818297 0.26955182637141544 0.0E+0 0.9629858840605268 2.0929998686769977
 -11.563983768497383 -1.756682227761664E-6 -20.094101648182896 0.26955182637141544 -8.418690308891971E-8 -0.9629858840605231 2.0929998686769977
 -10.555915114892562 0.0E+0 19.804443699896232 0.28293218084057836 0.0E+0 0.9591399173451152 2.0604998671333305
 -10.555915114892562 -1.731359524672261E-6 -19.804443699896157 0.28293218084057836 -8.385067798685663E-8 -0.9591399173451115 2.0604998671333305
 -9.572437905593084 0.0E+0 19.506556749930993 0.29699747095604595 0.0E+0 0.9548782656683064 2.026999865542166
 -9.572437905593084 -1.7053174193794682E-6 -19.50655674993092 0.29699747095604595 -8.347811254986245E-8 -0.9548782656683028 2.026999865542166
 -8.613565120362532 0.0E+0 19.200248700647875 0.31175777600568466 0.0E+0 0.9501616120955367 1.9924998639035038
 -8.613565120362532 -1.678539118173619E-6 -19.200248700647804 0.31175777600568466 -8.30657695822164E-8 -0.9501616120955332 1.9924998639035038
 -7.653624581678422 0.0E+0 18.87644514789247 0.3276598937434898 0.0E+0 0.9447957419633118 1.955999862169847
 -7.653624581678422 -1.650231311416657E-6 -18.876445147892397 0.3276598937434898 -8.259667029811833E-8 -0.9447957419633083 1.955999862169847
 -6.708701605014152 0.0E+0 18.539359875822277 0.34450690291691676 0.0E+0 0.9387837843947849 1.9179998603649437
 -6.708701605014152 -1.620762379833968E-6 -18.539359875822206 0.34450690291691676 -8.207108825421324E-8 -0.9387837843947814 1.9179998603649437
 -5.768910660931491 0.0E+0 18.18429648295998 0.3625361708615146 0.0E+0 0.9319697016625972 1.8779998584650456
 -5.768910660931491 -1.5897217509523895E-6 -18.184296482959911 0.3625361708615146 -8.147538219858999E-8 -0.9319697016625936 1.8779998584650456
 -4.837473793407482 0.0E+0 17.810951596907184 0.3817625324455316 0.0E+0 0.9242604442584212 1.8359998564701527
 -4.837473793407482 -1.557082903113479E-6 -17.810951596907116 0.3817625324455316 -8.08014174845526E-8 -0.9242604442584178 1.8359998564701527
 -3.9172410481826793 0.0E+0 17.418981459332282 0.4021927614881098 0.0E+0 0.9155550134244081 1.7919998543802648
 -3.9172410481826793 -1.522815784008237E-6 -17.418981459332215 0.4021927614881098 -8.0040364519913E-8 -0.9155550134244047 1.7919998543802648
 -3.001172446977884 0.0E+0 17.003531449985256 0.42406056732487484 0.0E+0 0.9056338306623188 1.7454998521716333
 -3.001172446977884 -1.4864959892385448E-6 -17.003531449985192 0.42406056732487484 -7.917302714192608E-8 -0.9056338306623154 1.7454998521716333
 -2.093207145841459 0.0E+0 16.5641366243292 0.44735919271748925 0.0E+0 0.8943543775770074 1.6964998498442582
 -2.093207145841459 -1.4480828720604386E-6 -16.564136624329137 0.44735919271748925 -7.818694599628651E-8 -0.8943543775770041 1.6964998498442582
 -1.1968955606217608 0.0E+0 16.10028711527062 0.4720661180424327 0.0E+0 0.8815631458927649 1.6449998473981395
 -1.1968955606217608 -1.4075318584751727E-6 -16.10028711527056 0.4720661180424327 -7.706870096277825E-8 -0.8815631458927615 1.6449998473981395
 -0.31544884188748906 0.0E+0 15.611435588878724 0.4981405266975287 0.0E+0 0.867096312794322 1.5909998448332771
 -0.31544884188748906 -1.364795099028927E-6 -15.611435588878665 0.4981405266975287 -7.580397019546241E-8 -0.8670963127943188 1.5909998448332771
 0.5482090007394308 0.0E+0 15.09700572228785 0.5255207398758033 0.0E+0 0.850780789604695 1.5344998421496711
 0.5482090007394308 -1.3198222099746054E-6 -15.097005722287793 0.5255207398758033 -7.437762180100994E-8 -0.8507807896046918 1.5344998421496711
 1.3913884200668431 0.0E+0 14.556401575874125 0.554121668447475 0.0E+0 0.8324356891418017 1.4754998393473215
 1.3913884200668431 -1.2725610926135747E-6 -14.55640157587407 0.554121668447475 -7.27738421190961E-8 -0.8324356891417986 1.4754998393473215
 2.218018322104734 0.0E+0 13.984388321376345 0.5840731392960163 0.0E+0 0.8117010336034421 1.4134998364024795
 2.218018322104734 -1.2225541037063983E-6 -13.984388321376292 0.5840731392960163 -7.0961160889513E-8 -0.811701033603439 1.4134998364024795
 3.0243661519121376 0.0E+0 13.380256811687099 0.615228672259532 0.0E+0 0.7883487050980507 1.3484998333151452
 3.0243661519121376 -1.169739247641515E-6 -13.38025681168705 0.615228672259532 -6.891963541201135E-8 -0.7883487050980477 1.3484998333151452
 3.801341557489036 0.0E+0 12.748001550676337 0.6471694349608128 0.0E+0 0.762346195932335 1.2809998301090672
 3.801341557489036 -1.114465735051971E-6 -12.748001550676289 0.6471694349608128 -6.664642377367204E-8 -0.7623461959323321 1.2809998301090672
 4.551905648421874 0.0E+0 12.082308131495203 0.6799152783923352 0.0E+0 0.7332906751136778 1.210499826760497
 4.551905648421874 -1.0562689657169686E-6 -12.082308131495157 0.6799152783923352 -6.410630936924882E-8 -0.7332906751136751 1.210499826760497
 5.272659730328426 0.0E+0 11.382524766617394 0.7132024241575403 0.0E+0 0.7009581315426819 1.1369998232694342
 5.272659730328426 -9.950919585589867E-7 -11.382524766617351 0.7132024241575403 -6.127970852568067E-8 -0.7009581315426793 1.1369998232694342
 5.960225503083417 0.0E+0 10.648050324050033 0.7467222337566048 0.0E+0 0.6651360053504443 1.0604998196358792
 5.960225503083417 -9.308821609480591E-7 -10.648050324049992 0.7467222337566048 -5.8148038668310865E-8 -0.6651360053504417 1.0604998196358792
 6.607296510469921 0.0E+0 9.883213576383723 0.7799149469680465 0.0E+0 0.6258855130899176 0.9814998158835806
 6.607296510469921 -8.640180062180598E-7 -9.883213576383685 0.7799149469680465 -5.4716651518380786E-8 -0.6258855130899152 0.9814998158835806
 7.215064869550955 0.0E+0 9.082789368037306 0.8126077837592368 0.0E+0 0.5828109382757853 0.8994998119887896
 7.215064869550955 -7.940426967421323E-7 -9.082789368037272 0.8126077837592368 -5.095095244065074E-8 -0.5828109382757831 0.8994998119887896
 7.77677841006956 0.0E+0 8.25137679523657 0.8441797277277054 0.0E+0 0.5360602459552257 0.814999807975255
 7.77677841006956 -7.213582982978395E-7 -8.251376795236538 0.8441797277277054 -4.6863876950888446E-8 -0.5360602459552237 0.814999807975255
 8.289789803936236 0.0E+0 7.388870806759197 0.8741925006992567 0.0E+0 0.48557952152163513 0.7279998038429767
 8.289789803936236 -6.459556270152833E-7 -7.3888708067591695 0.8741925006992567 -4.24507116843018E-8 -0.4855795215216333 0.7279998038429767
 8.748841649020234 0.0E+0 6.500304670558469 0.9020316486128996 0.0E+0 0.4316699027042471 0.6389997996157035
 8.748841649020234 -5.682747051714438E-7 -6.500304670558444 0.9020316486128996 -3.773778293834441E-8 -0.4316699027042455 0.6389997996157035
 9.153959842204738 0.0E+0 5.580898766430451 0.9273923789580075 0.0E+0 0.37409006328771604 0.5474997952696867
 9.153959842204738 -4.878976850807307E-7 -5.58089876643043 0.9273923789580075 -3.2703993304382984E-8 -0.37409006328771465 0.5474997952696867
 9.498435421519009 0.0E+0 4.641096780189334 0.9495549626271615 0.0E+0 0.3136006584019397 0.45449979085242375
 9.498435421519009 -4.057375827905062E-7 -4.641096780189316 0.9495549626271615 -2.7415841368497277E-8 -0.3136006584019385 0.45449979085242375
 9.780778703008876 0.0E+0 3.6815106095227063 0.9681381299358321 0.0E+0 0.2504167753253554 0.3599997863639146
 9.780778703008876 -3.2184789209769706E-7 -3.6815106095226926 0.9681381299358321 -2.1892130658511726E-8 -0.25041677532535444 0.3599997863639146
 9.999188894199218 0.0E+0 2.7028703781543796 0.9827757778551249 0.0E+0 0.18480197634563966 0.2639997818041593
 9.999188894199218 -2.3629244244798558E-7 -2.7028703781543694 0.9827757778551249 -1.615590252231915E-8 -0.18480197634563896 0.2639997818041593
 10.150942854691381 0.0E+0 1.711142155100505 0.9930825873226466 0.0E+0 0.11741794903913874 0.1669997771969065
 10.150942854691381 -1.4959280418045784E-7 -1.7111421551004986 0.9930825873226466 -1.0265003527337665E-8 -0.1174179490391383 0.1669997771969065
 10.234409526282393 0.0E+0 0.7124365787217007 0.9987995359375177 0.0E+0 0.048984558903795466 0.069499772565905
 10.234409526282393 -6.228318628819645E-8 -0.7124365787216981 0.9987995359375177 -4.2823663166262054E-9 -0.04898455890379528 0.069499772565905
