 -95.51666   0.00000  28.66915   0.00114  -0.00748
 -95.51666   5.96065  28.04266   0.00097  -0.00748
 -95.51666  11.66080  26.19057   0.00074  -0.00748
 -95.51666  16.85131  23.19383   0.00043  -0.00748
 -95.51666  21.30533  19.18341   0.00015  -0.00748
 -95.51666  24.82822  14.33458  -0.00003  -0.00748
 -95.51666  27.26599   8.85925  -0.00009  -0.00748
 -95.51666  28.51210   2.99674  -0.00010  -0.00748
 -95.51666  28.51210  -2.99674   0.00010  -0.00748
 -95.51666  27.26598  -8.85926   0.00009  -0.00748
 -95.51666  24.82821 -14.33458   0.00003  -0.00748
 -95.51666  21.30533 -19.18341  -0.00015  -0.00748
 -95.51666  16.85130 -23.19383  -0.00043  -0.00748
 -95.51666  11.66079 -26.19058  -0.00074  -0.00748
 -95.51666   5.96065 -28.04266  -0.00097  -0.00748
 -95.51666  -0.00000 -28.66915  -0.00106  -0.00748
 -95.51666  -5.96065 -28.04266  -0.00097  -0.00748
 -95.51666 -11.66080 -26.19057  -0.00074  -0.00748
 -95.51666 -16.85131 -23.19383  -0.00043  -0.00748
 -95.51666 -21.30534 -19.18341  -0.00015  -0.00748
 -95.51666 -24.82822 -14.33457   0.00003  -0.00748
 -95.51666 -27.26599  -8.85925   0.00009  -0.00748
 -95.51666 -28.51210  -2.99674   0.00010  -0.00748
 -95.51666 -28.51210   2.99675  -0.00010  -0.00748
 -95.51666 -27.26598   8.85926  -0.00009  -0.00748
 -95.51666 -24.82821  14.33458  -0.00003  -0.00748
 -95.51666 -21.30533  19.18341   0.00015  -0.00748
 -95.51666 -16.85130  23.19384   0.00043  -0.00748
 -95.51666 -11.66079  26.19058   0.00074  -0.00748
 -95.51666  -5.96065  28.04266   0.00097  -0.00748
 -89.46933   0.00000  28.37295   0.00173  -0.00939
 -89.46933   5.89907  27.75294   0.00148  -0.00939
 -89.46933  11.54032  25.91998   0.00112  -0.00939
 -89.46933  16.67720  22.95420   0.00066  -0.00939
 -89.46933  21.08521  18.98521   0.00024  -0.00939
 -89.46933  24.57170  14.18648  -0.00004  -0.00939
 -89.46933  26.98428   8.76772  -0.00014  -0.00939
 -89.46933  28.21752   2.96578  -0.00015  -0.00939
 -89.46933  28.21752  -2.96578   0.00015  -0.00939
 -89.46933  26.98428  -8.76773   0.00014  -0.00939
 -89.46933  24.57170 -14.18648   0.00004  -0.00939
 -89.46933  21.08521 -18.98521  -0.00024  -0.00939
 -89.46933  16.67720 -22.95420  -0.00066  -0.00939
 -89.46933  11.54032 -25.91998  -0.00112  -0.00939
 -89.46933   5.89907 -27.75294  -0.00148  -0.00939
 -89.46933  -0.00000 -28.37295  -0.00161  -0.00939
 -89.46933  -5.89907 -27.75294  -0.00148  -0.00939
 -89.46933 -11.54032 -25.91998  -0.00112  -0.00939
 -89.46933 -16.67721 -22.95420  -0.00066  -0.00939
 -89.46933 -21.08522 -18.98521  -0.00024  -0.00939
 -89.46933 -24.57170 -14.18647   0.00004  -0.00939
 -89.46933 -26.98428  -8.76772   0.00014  -0.00939
 -89.46933 -28.21752  -2.96578   0.00015  -0.00939
 -89.46933 -28.21752   2.96579  -0.00015  -0.00939
 -89.46933 -26.98428   8.76773  -0.00014  -0.00939
 -89.46933 -24.57170  14.18648  -0.00004  -0.00939
 -89.46933 -21.08521  18.98522   0.00024  -0.00939
 -89.46933 -16.67720  22.95421   0.00066  -0.00939
 -89.46933 -11.54032  25.91999   0.00112  -0.00939
 -89.46933  -5.89906  27.75294   0.00148  -0.00939
 -83.54061   0.00000  28.06445   0.00263  -0.01188
 -83.54061   5.83493  27.45117   0.00223  -0.01188
 -83.54061  11.41484  25.63815   0.00169  -0.01188
 -83.54061  16.49587  22.70462   0.00100  -0.01188
 -83.54061  20.85595  18.77878   0.00037  -0.01188
 -83.54061  24.30453  14.03222  -0.00005  -0.01188
 -83.54061  26.69088   8.67239  -0.00020  -0.01188
 -83.54061  27.91071   2.93353  -0.00023  -0.01188
 -83.54061  27.91071  -2.93354   0.00023  -0.01188
 -83.54061  26.69088  -8.67239   0.00020  -0.01188
 -83.54061  24.30453 -14.03223   0.00005  -0.01188
 -83.54061  20.85595 -18.77878  -0.00037  -0.01188
 -83.54061  16.49587 -22.70462  -0.00100  -0.01188
 -83.54061  11.41484 -25.63815  -0.00169  -0.01188
 -83.54061   5.83492 -27.45117  -0.00223  -0.01188
 -83.54061  -0.00000 -28.06445  -0.00243  -0.01188
 -83.54061  -5.83493 -27.45117  -0.00223  -0.01188
 -83.54061 -11.41484 -25.63815  -0.00169  -0.01188
 -83.54061 -16.49587 -22.70462  -0.00100  -0.01188
 -83.54061 -20.85595 -18.77878  -0.00037  -0.01188
 -83.54061 -24.30453 -14.03222   0.00005  -0.01188
 -83.54061 -26.69088  -8.67239   0.00020  -0.01188
 -83.54061 -27.91071  -2.93353   0.00023  -0.01188
 -83.54061 -27.91071   2.93354  -0.00023  -0.01188
 -83.54061 -26.69088   8.67240  -0.00020  -0.01188
 -83.54061 -24.30452  14.03223  -0.00005  -0.01188
 -83.54061 -20.85595  18.77879   0.00037  -0.01188
 -83.54061 -16.49587  22.70462   0.00100  -0.01188
 -83.54061 -11.41484  25.63815   0.00169  -0.01188
 -83.54061  -5.83492  27.45118   0.00223  -0.01188
 -77.64806   0.00000  27.73747   0.00396  -0.01523
 -77.64806   5.76695  27.13134   0.00334  -0.01523
 -77.64806  11.28185  25.33944   0.00254  -0.01523
 -77.64806  16.30368  22.44009   0.00151  -0.01523
 -77.64806  20.61296  18.55999   0.00057  -0.01523
 -77.64806  24.02136  13.86874  -0.00006  -0.01523
 -77.64806  26.37991   8.57135  -0.00030  -0.01523
 -77.64806  27.58552   2.89935  -0.00034  -0.01523
 -77.64806  27.58552  -2.89936   0.00034  -0.01523
 -77.64806  26.37990  -8.57135   0.00030  -0.01523
 -77.64806  24.02136 -13.86874   0.00006  -0.01523
 -77.64806  20.61296 -18.55999  -0.00057  -0.01523
 -77.64806  16.30368 -22.44009  -0.00151  -0.01523
 -77.64806  11.28184 -25.33944  -0.00254  -0.01523
 -77.64806   5.76694 -27.13134  -0.00334  -0.01523
 -77.64806  -0.00000 -27.73747  -0.00364  -0.01523
 -77.64806  -5.76695 -27.13134  -0.00334  -0.01523
 -77.64806 -11.28185 -25.33944  -0.00254  -0.01523
 -77.64806 -16.30368 -22.44009  -0.00151  -0.01523
 -77.64806 -20.61296 -18.55999  -0.00057  -0.01523
 -77.64806 -24.02136 -13.86873   0.00006  -0.01523
 -77.64806 -26.37991  -8.57135   0.00030  -0.01523
 -77.64806 -27.58552  -2.89935   0.00034  -0.01523
 -77.64806 -27.58552   2.89936  -0.00034  -0.01523
 -77.64806 -26.37990   8.57135  -0.00030  -0.01523
 -77.64806 -24.02135  13.86874  -0.00006  -0.01523
 -77.64806 -20.61296  18.56000   0.00057  -0.01523
 -77.64806 -16.30367  22.44009   0.00151  -0.01523
 -77.64806 -11.28184  25.33944   0.00254  -0.01523
 -77.64806  -5.76694  27.13134   0.00334  -0.01523
 -71.88781   0.00000  27.39520   0.00590  -0.01970
 -71.88781   5.69578  26.79655   0.00495  -0.01970
 -71.88781  11.14263  25.02676   0.00377  -0.01970
 -71.88781  16.10250  22.16318   0.00224  -0.01970
 -71.88781  20.35860  18.33097   0.00085  -0.01970
 -71.88781  23.72494  13.69760  -0.00007  -0.01970
 -71.88781  26.05439   8.46558  -0.00043  -0.01970
 -71.88781  27.24513   2.86358  -0.00051  -0.01970
 -71.88781  27.24513  -2.86358   0.00051  -0.01970
 -71.88781  26.05438  -8.46558   0.00043  -0.01970
 -71.88781  23.72494 -13.69760   0.00007  -0.01970
 -71.88781  20.35860 -18.33097  -0.00085  -0.01970
 -71.88781  16.10249 -22.16319  -0.00224  -0.01970
 -71.88781  11.14263 -25.02676  -0.00377  -0.01970
 -71.88781   5.69578 -26.79655  -0.00495  -0.01970
 -71.88781  -0.00000 -27.39520  -0.00540  -0.01970
 -71.88781  -5.69579 -26.79655  -0.00495  -0.01970
 -71.88781 -11.14263 -25.02676  -0.00377  -0.01970
 -71.88781 -16.10250 -22.16318  -0.00224  -0.01970
 -71.88781 -20.35860 -18.33097  -0.00085  -0.01970
 -71.88781 -23.72494 -13.69760   0.00007  -0.01970
 -71.88781 -26.05439  -8.46558   0.00043  -0.01970
 -71.88781 -27.24513  -2.86357   0.00051  -0.01970
 -71.88781 -27.24513   2.86358  -0.00051  -0.01970
 -71.88781 -26.05438   8.46559  -0.00043  -0.01970
 -71.88781 -23.72494  13.69760  -0.00007  -0.01970
 -71.88781 -20.35860  18.33097   0.00085  -0.01970
 -71.88781 -16.10249  22.16319   0.00224  -0.01970
 -71.88781 -11.14263  25.02676   0.00377  -0.01970
 -71.88781  -5.69578  26.79655   0.00495  -0.01970
 -66.21733   0.00000  27.03281   0.00873  -0.02578
 -66.21733   5.62044  26.44208   0.00727  -0.02578
 -66.21733  10.99523  24.69570   0.00553  -0.02578
 -66.21733  15.88949  21.87000   0.00331  -0.02578
 -66.21733  20.08929  18.08848   0.00127  -0.02578
 -66.21733  23.41110  13.51640  -0.00008  -0.02578
 -66.21733  25.70973   8.35360  -0.00062  -0.02578
 -66.21733  26.88472   2.82570  -0.00075  -0.02578
 -66.21733  26.88472  -2.82570   0.00075  -0.02578
 -66.21733  25.70973  -8.35360   0.00062  -0.02578
 -66.21733  23.41110 -13.51641   0.00008  -0.02578
 -66.21733  20.08929 -18.08848  -0.00127  -0.02578
 -66.21733  15.88948 -21.87000  -0.00331  -0.02578
 -66.21733  10.99523 -24.69570  -0.00553  -0.02578
 -66.21733   5.62043 -26.44208  -0.00727  -0.02578
 -66.21733  -0.00000 -27.03281  -0.00793  -0.02578
 -66.21733  -5.62044 -26.44208  -0.00727  -0.02578
 -66.21733 -10.99524 -24.69570  -0.00553  -0.02578
 -66.21733 -15.88949 -21.87000  -0.00331  -0.02578
 -66.21733 -20.08929 -18.08848  -0.00127  -0.02578
 -66.21733 -23.41110 -13.51640   0.00008  -0.02578
 -66.21733 -25.70973  -8.35359   0.00062  -0.02578
 -66.21733 -26.88472  -2.82569   0.00075  -0.02578
 -66.21733 -26.88472   2.82570  -0.00075  -0.02578
 -66.21733 -25.70973   8.35360  -0.00062  -0.02578
 -66.21733 -23.41110  13.51641  -0.00008  -0.02578
 -66.21733 -20.08929  18.08848   0.00127  -0.02578
 -66.21733 -15.88948  21.87000   0.00331  -0.02578
 -66.21733 -10.99523  24.69570   0.00553  -0.02578
 -66.21733  -5.62043  26.44208   0.00727  -0.02578
 -60.62851   0.00000  26.64658   0.01282  -0.03420
 -60.62851   5.54014  26.06429   0.01058  -0.03420
 -60.62851  10.83814  24.34286   0.00804  -0.03420
 -60.62851  15.66247  21.55754   0.00482  -0.03420
 -60.62851  19.80227  17.83004   0.00188  -0.03420
 -60.62851  23.07662  13.32329  -0.00008  -0.03420
 -60.62851  25.34241   8.23425  -0.00087  -0.03420
 -60.62851  26.50061   2.78533  -0.00109  -0.03420
 -60.62851  26.50061  -2.78533   0.00109  -0.03420
 -60.62851  25.34240  -8.23425   0.00087  -0.03420
 -60.62851  23.07662 -13.32329   0.00008  -0.03420
 -60.62851  19.80227 -17.83004  -0.00188  -0.03420
 -60.62851  15.66247 -21.55754  -0.00482  -0.03420
 -60.62851  10.83814 -24.34286  -0.00804  -0.03420
 -60.62851   5.54013 -26.06429  -0.01058  -0.03420
 -60.62851  -0.00000 -26.64658  -0.01155  -0.03420
 -60.62851  -5.54014 -26.06429  -0.01058  -0.03420
 -60.62851 -10.83814 -24.34286  -0.00804  -0.03420
 -60.62851 -15.66247 -21.55754  -0.00482  -0.03420
 -60.62851 -19.80227 -17.83004  -0.00188  -0.03420
 -60.62851 -23.07662 -13.32329   0.00008  -0.03420
 -60.62851 -25.34241  -8.23424   0.00087  -0.03420
 -60.62851 -26.50061  -2.78532   0.00109  -0.03420
 -60.62851 -26.50061   2.78533  -0.00109  -0.03420
 -60.62851 -25.34240   8.23425  -0.00087  -0.03420
 -60.62851 -23.07661  13.32329  -0.00008  -0.03420
 -60.62851 -19.80227  17.83005   0.00188  -0.03420
 -60.62851 -15.66246  21.55754   0.00482  -0.03420
 -60.62851 -10.83814  24.34287   0.00804  -0.03420
 -60.62851  -5.54013  26.06429   0.01058  -0.03420
 -55.13712   0.00000  26.23369   0.01864  -0.04599
 -55.13712   5.45429  25.66042   0.01521  -0.04599
 -55.13712  10.67020  23.96567   0.01155  -0.04599
 -55.13712  15.41978  21.22350   0.00694  -0.04599
 -55.13712  19.49543  17.55377   0.00274  -0.04599
 -55.13712  22.71904  13.11685  -0.00007  -0.04599
 -55.13712  24.94972   8.10666  -0.00122  -0.04599
 -55.13712  26.08998   2.74217  -0.00158  -0.04599
 -55.13712  26.08998  -2.74217   0.00158  -0.04599
 -55.13712  24.94972  -8.10666   0.00122  -0.04599
 -55.13712  22.71904 -13.11685   0.00007  -0.04599
 -55.13712  19.49543 -17.55377  -0.00274  -0.04599
 -55.13712  15.41978 -21.22350  -0.00694  -0.04599
 -55.13712  10.67020 -23.96567  -0.01155  -0.04599
 -55.13712   5.45429 -25.66042  -0.01521  -0.04599
 -55.13712  -0.00000 -26.23369  -0.01662  -0.04599
 -55.13712  -5.45429 -25.66042  -0.01521  -0.04599
 -55.13712 -10.67021 -23.96567  -0.01155  -0.04599
 -55.13712 -15.41978 -21.22350  -0.00694  -0.04599
 -55.13712 -19.49544 -17.55376  -0.00274  -0.04599
 -55.13712 -22.71905 -13.11684   0.00007  -0.04599
 -55.13712 -24.94973  -8.10665   0.00122  -0.04599
 -55.13712 -26.08998  -2.74216   0.00158  -0.04599
 -55.13712 -26.08998   2.74217  -0.00158  -0.04599
 -55.13712 -24.94972   8.10666  -0.00122  -0.04599
 -55.13712 -22.71904  13.11685  -0.00007  -0.04599
 -55.13712 -19.49543  17.55377   0.00274  -0.04599
 -55.13712 -15.41977  21.22351   0.00694  -0.04599
 -55.13712 -10.67020  23.96567   0.01155  -0.04599
 -55.13712  -5.45429  25.66042   0.01521  -0.04599
 -49.70021   0.00000  25.78563   0.02695  -0.06291
 -49.70021   5.36114  25.22216   0.02166  -0.06291
 -49.70021  10.48796  23.55635   0.01640  -0.06291
 -49.70021  15.15642  20.86102   0.00986  -0.06291
 -49.70021  19.16246  17.25396   0.00397  -0.06291
 -49.70021  22.33101  12.89282  -0.00000  -0.06291
 -49.70021  24.52360   7.96820  -0.00166  -0.06291
 -49.70021  25.64438   2.69533  -0.00223  -0.06291
 -49.70021  25.64438  -2.69533   0.00223  -0.06291
 -49.70021  24.52360  -7.96820   0.00166  -0.06291
 -49.70021  22.33101 -12.89282   0.00000  -0.06291
 -49.70021  19.16246 -17.25396  -0.00397  -0.06291
 -49.70021  15.15641 -20.86102  -0.00986  -0.06291
 -49.70021  10.48796 -23.55635  -0.01640  -0.06291
 -49.70021   5.36113 -25.22216  -0.02166  -0.06291
 -49.70021  -0.00000 -25.78563  -0.02371  -0.06291
 -49.70021  -5.36114 -25.22216  -0.02166  -0.06291
 -49.70021 -10.48796 -23.55635  -0.01640  -0.06291
 -49.70021 -15.15642 -20.86101  -0.00986  -0.06291
 -49.70021 -19.16246 -17.25396  -0.00397  -0.06291
 -49.70021 -22.33102 -12.89281   0.00000  -0.06291
 -49.70021 -24.52360  -7.96820   0.00166  -0.06291
 -49.70021 -25.64438  -2.69533   0.00223  -0.06291
 -49.70021 -25.64438   2.69534  -0.00223  -0.06291
 -49.70021 -24.52359   7.96820  -0.00166  -0.06291
 -49.70021 -22.33101  12.89282  -0.00000  -0.06291
 -49.70021 -19.16246  17.25396   0.00397  -0.06291
 -49.70021 -15.15641  20.86102   0.00986  -0.06291
 -49.70021 -10.48796  23.55635   0.01640  -0.06291
 -49.70021  -5.36113  25.22216   0.02166  -0.06291
 -44.38629   0.00000  25.30161   0.03852  -0.08728
 -44.38629   5.26050  24.74871   0.03035  -0.08728
 -44.38629  10.29109  23.11417   0.02288  -0.08728
 -44.38629  14.87191  20.46943   0.01377  -0.08728
 -44.38629  18.80276  16.93008   0.00565  -0.08728
 -44.38629  21.91184  12.65081   0.00015  -0.08728
 -44.38629  24.06326   7.81863  -0.00220  -0.08728
 -44.38629  25.16301   2.64474  -0.00306  -0.08728
 -44.38629  25.16301  -2.64474   0.00306  -0.08728
 -44.38629  24.06326  -7.81863   0.00220  -0.08728
 -44.38629  21.91184 -12.65081  -0.00015  -0.08728
 -44.38629  18.80276 -16.93008  -0.00565  -0.08728
 -44.38629  14.87191 -20.46943  -0.01377  -0.08728
 -44.38629  10.29109 -23.11417  -0.02288  -0.08728
 -44.38629   5.26050 -24.74871  -0.03035  -0.08728
 -44.38629  -0.00000 -25.30161  -0.03330  -0.08728
 -44.38629  -5.26050 -24.74871  -0.03035  -0.08728
 -44.38629 -10.29109 -23.11417  -0.02288  -0.08728
 -44.38629 -14.87192 -20.46943  -0.01377  -0.08728
 -44.38629 -18.80276 -16.93008  -0.00565  -0.08728
 -44.38629 -21.91184 -12.65080  -0.00015  -0.08728
 -44.38629 -24.06326  -7.81863   0.00220  -0.08728
 -44.38629 -25.16301  -2.64474   0.00306  -0.08728
 -44.38629 -25.16301   2.64474  -0.00306  -0.08728
 -44.38629 -24.06326   7.81863  -0.00220  -0.08728
 -44.38629 -21.91184  12.65081   0.00015  -0.08728
 -44.38629 -18.80276  16.93009   0.00565  -0.08728
 -44.38629 -14.87191  20.46944   0.01377  -0.08728
 -44.38629 -10.29109  23.11417   0.02288  -0.08728
 -44.38629  -5.26050  24.74871   0.03035  -0.08728
 -39.20318   0.00000  24.77507   0.05437  -0.12279
 -39.20318   5.15103  24.23368   0.04171  -0.12279
 -39.20318  10.07693  22.63315   0.03125  -0.12279
 -39.20318  14.56242  20.04345   0.01882  -0.12279
 -39.20318  18.41147  16.57776   0.00790  -0.12279
 -39.20318  21.45584  12.38753   0.00050  -0.12279
 -39.20318  23.56249   7.65592  -0.00275  -0.12279
 -39.20318  24.63935   2.58970  -0.00399  -0.12279
 -39.20318  24.63935  -2.58970   0.00399  -0.12279
 -39.20318  23.56249  -7.65592   0.00275  -0.12279
 -39.20318  21.45584 -12.38754  -0.00050  -0.12279
 -39.20318  18.41146 -16.57776  -0.00790  -0.12279
 -39.20318  14.56242 -20.04345  -0.01882  -0.12279
 -39.20318  10.07693 -22.63315  -0.03125  -0.12279
 -39.20318   5.15102 -24.23368  -0.04171  -0.12279
 -39.20318  -0.00000 -24.77507  -0.04591  -0.12279
 -39.20318  -5.15103 -24.23367  -0.04171  -0.12279
 -39.20318 -10.07693 -22.63315  -0.03125  -0.12279
 -39.20318 -14.56242 -20.04345  -0.01882  -0.12279
 -39.20318 -18.41147 -16.57776  -0.00790  -0.12279
 -39.20318 -21.45584 -12.38753  -0.00050  -0.12279
 -39.20318 -23.56249  -7.65591   0.00275  -0.12279
 -39.20318 -24.63935  -2.58970   0.00399  -0.12279
 -39.20318 -24.63935   2.58970  -0.00399  -0.12279
 -39.20318 -23.56249   7.65592  -0.00275  -0.12279
 -39.20318 -21.45584  12.38754   0.00050  -0.12279
 -39.20318 -18.41146  16.57776   0.00790  -0.12279
 -39.20318 -14.56242  20.04346   0.01882  -0.12279
 -39.20318 -10.07693  22.63315   0.03125  -0.12279
 -39.20318  -5.15102  24.23368   0.04171  -0.12279
 -34.13599   0.00000  24.19483   0.07578  -0.17532
 -34.13599   5.03039  23.66611   0.05606  -0.17532
 -34.13599   9.84092  22.10308   0.04165  -0.17532
 -34.13599  14.22136  19.57403   0.02508  -0.17532
 -34.13599  17.98026  16.18950   0.01087  -0.17532
 -34.13599  20.95334  12.09741   0.00122  -0.17532
 -34.13599  23.01065   7.47661  -0.00315  -0.17532
 -34.13599  24.06229   2.52905  -0.00478  -0.17532
 -34.13599  24.06229  -2.52905   0.00478  -0.17532
 -34.13599  23.01065  -7.47661   0.00315  -0.17532
 -34.13599  20.95334 -12.09742  -0.00122  -0.17532
 -34.13599  17.98026 -16.18950  -0.01087  -0.17532
 -34.13599  14.22136 -19.57403  -0.02508  -0.17532
 -34.13599   9.84092 -22.10308  -0.04165  -0.17532
 -34.13599   5.03039 -23.66612  -0.05606  -0.17532
 -34.13599  -0.00000 -24.19483  -0.06196  -0.17532
 -34.13599  -5.03039 -23.66611  -0.05606  -0.17532
 -34.13599  -9.84093 -22.10308  -0.04165  -0.17532
 -34.13599 -14.22137 -19.57403  -0.02508  -0.17532
 -34.13599 -17.98026 -16.18950  -0.01087  -0.17532
 -34.13599 -20.95334 -12.09741  -0.00122  -0.17532
 -34.13599 -23.01065  -7.47661   0.00315  -0.17532
 -34.13599 -24.06229  -2.52905   0.00478  -0.17532
 -34.13599 -24.06229   2.52905  -0.00478  -0.17532
 -34.13599 -23.01065   7.47662  -0.00315  -0.17532
 -34.13599 -20.95334  12.09742   0.00122  -0.17532
 -34.13599 -17.98026  16.18950   0.01087  -0.17532
 -34.13599 -14.22136  19.57403   0.02508  -0.17532
 -34.13599  -9.84092  22.10308   0.04165  -0.17532
 -34.13599  -5.03038  23.66612   0.05606  -0.17532
 -29.24335   0.00000  23.55586   0.10374  -0.25267
 -29.24335   4.89754  23.04111   0.07296  -0.25267
 -29.24335   9.58103  21.51935   0.05364  -0.25267
 -29.24335  13.84579  19.05709   0.03232  -0.25267
 -29.24335  17.50542  15.76195   0.01462  -0.25267
 -29.24335  20.39998  11.77793   0.00263  -0.25267
 -29.24335  22.40296   7.27916  -0.00299  -0.25267
 -29.24335  23.42682   2.46226  -0.00477  -0.25267
 -29.24335  23.42682  -2.46226   0.00477  -0.25267
 -29.24335  22.40296  -7.27916   0.00299  -0.25267
 -29.24335  20.39997 -11.77793  -0.00263  -0.25267
 -29.24335  17.50542 -15.76195  -0.01462  -0.25267
 -29.24335  13.84579 -19.05709  -0.03232  -0.25267
 -29.24335   9.58103 -21.51935  -0.05364  -0.25267
 -29.24335   4.89754 -23.04111  -0.07296  -0.25267
 -29.24335  -0.00000 -23.55586  -0.08107  -0.25267
 -29.24335  -4.89754 -23.04111  -0.07296  -0.25267
 -29.24335  -9.58103 -21.51935  -0.05364  -0.25267
 -29.24335 -13.84579 -19.05709  -0.03232  -0.25267
 -29.24335 -17.50542 -15.76195  -0.01462  -0.25267
 -29.24335 -20.39998 -11.77793  -0.00263  -0.25267
 -29.24335 -22.40296  -7.27916   0.00299  -0.25267
 -29.24335 -23.42682  -2.46226   0.00477  -0.25267
 -29.24335 -23.42682   2.46226  -0.00477  -0.25267
 -29.24335 -22.40295   7.27916  -0.00299  -0.25267
 -29.24335 -20.39997  11.77793   0.00263  -0.25267
 -29.24335 -17.50541  15.76195   0.01462  -0.25267
 -29.24335 -13.84579  19.05709   0.03232  -0.25267
 -29.24335  -9.58103  21.51935   0.05364  -0.25267
 -29.24335  -4.89754  23.04111   0.07296  -0.25267
 -24.51524   0.00000  22.84256   0.13919  -0.36666
 -24.51524   4.74923  22.34339   0.09110  -0.36666
 -24.51524   9.29090  20.86771   0.06618  -0.36666
 -24.51524  13.42652  18.48002   0.03999  -0.36666
 -24.51524  16.97533  15.28465   0.01925  -0.36666
 -24.51524  19.78223  11.42128   0.00529  -0.36666
 -24.51524  21.72456   7.05874  -0.00147  -0.36666
 -24.51524  22.71742   2.38770  -0.00249  -0.36666
 -24.51524  22.71742  -2.38770   0.00249  -0.36666
 -24.51524  21.72456  -7.05874   0.00147  -0.36666
 -24.51524  19.78223 -11.42128  -0.00529  -0.36666
 -24.51524  16.97533 -15.28465  -0.01925  -0.36666
 -24.51524  13.42652 -18.48002  -0.03999  -0.36666
 -24.51524   9.29090 -20.86771  -0.06618  -0.36666
 -24.51524   4.74923 -22.34339  -0.09110  -0.36666
 -24.51524  -0.00000 -22.84256  -0.10185  -0.36666
 -24.51524  -4.74924 -22.34339  -0.09110  -0.36666
 -24.51524  -9.29091 -20.86771  -0.06618  -0.36666
 -24.51524 -13.42652 -18.48001  -0.03999  -0.36666
 -24.51524 -16.97533 -15.28465  -0.01925  -0.36666
 -24.51524 -19.78223 -11.42128  -0.00529  -0.36666
 -24.51524 -21.72456  -7.05874   0.00147  -0.36666
 -24.51524 -22.71742  -2.38769   0.00249  -0.36666
 -24.51524 -22.71742   2.38770  -0.00249  -0.36666
 -24.51524 -21.72456   7.05874  -0.00147  -0.36666
 -24.51524 -19.78223  11.42128   0.00529  -0.36666
 -24.51524 -16.97532  15.28466   0.01925  -0.36666
 -24.51524 -13.42651  18.48002   0.03999  -0.36666
 -24.51524  -9.29090  20.86771   0.06618  -0.36666
 -24.51524  -4.74923  22.34339   0.09110  -0.36666
 -19.97083   0.00000  22.03917   0.18200  -0.53190
 -19.97083   4.58220  21.55756   0.10717  -0.53190
 -19.97083   8.96414  20.13378   0.07685  -0.53190
 -19.97083  12.95430  17.83006   0.04690  -0.53190
 -19.97083  16.37829  14.74708   0.02474  -0.53190
 -19.97083  19.08648  11.01958   0.01007  -0.53190
 -19.97083  20.96049   6.81048   0.00283  -0.53190
 -19.97083  21.91843   2.30372   0.00497  -0.53190
 -19.97083  21.91843  -2.30372  -0.00497  -0.53190
 -19.97083  20.96049  -6.81048  -0.00283  -0.53190
 -19.97083  19.08648 -11.01958  -0.01007  -0.53190
 -19.97083  16.37829 -14.74708  -0.02474  -0.53190
 -19.97083  12.95430 -17.83006  -0.04690  -0.53190
 -19.97083   8.96413 -20.13378  -0.07685  -0.53190
 -19.97083   4.58220 -21.55756  -0.10717  -0.53190
 -19.97083  -0.00000 -22.03917  -0.12063  -0.53190
 -19.97083  -4.58220 -21.55756  -0.10717  -0.53190
 -19.97083  -8.96414 -20.13378  -0.07685  -0.53190
 -19.97083 -12.95430 -17.83006  -0.04690  -0.53190
 -19.97083 -16.37829 -14.74708  -0.02474  -0.53190
 -19.97083 -19.08648 -11.01958  -0.01007  -0.53190
 -19.97083 -20.96049  -6.81047  -0.00283  -0.53190
 -19.97083 -21.91843  -2.30372  -0.00497  -0.53190
 -19.97083 -21.91843   2.30372   0.00497  -0.53190
 -19.97083 -20.96049   6.81048   0.00283  -0.53190
 -19.97083 -19.08648  11.01959   0.01007  -0.53190
 -19.97083 -16.37829  14.74708   0.02474  -0.53190
 -19.97083 -12.95429  17.83006   0.04690  -0.53190
 -19.97083  -8.96413  20.13378   0.07685  -0.53190
 -19.97083  -4.58220  21.55756   0.10717  -0.53190
 -15.63931   0.00000  21.12832   0.22999  -0.76200
 -15.63931   4.39282  20.66662   0.11491  -0.76200
 -15.63931   8.59366  19.30168   0.08140  -0.76200
 -15.63931  12.41892  17.09317   0.05094  -0.76200
 -15.63931  15.70140  14.13761   0.03083  -0.76200
 -15.63931  18.29766  10.56416   0.01812  -0.76200
 -15.63931  20.09423   6.52901   0.01210  -0.76200
 -15.63931  21.01258   2.20851   0.02275  -0.76200
 -15.63931  21.01258  -2.20851  -0.02275  -0.76200
 -15.63931  20.09423  -6.52901  -0.01210  -0.76200
 -15.63931  18.29766 -10.56416  -0.01812  -0.76200
 -15.63931  15.70140 -14.13761  -0.03083  -0.76200
 -15.63931  12.41891 -17.09317  -0.05094  -0.76200
 -15.63931   8.59366 -19.30168  -0.08140  -0.76200
 -15.63931   4.39282 -20.66662  -0.11491  -0.76200
 -15.63931  -0.00000 -21.12832  -0.13033  -0.76200
 -15.63931  -4.39283 -20.66662  -0.11491  -0.76200
 -15.63931  -8.59366 -19.30168  -0.08140  -0.76200
 -15.63931 -12.41892 -17.09317  -0.05094  -0.76200
 -15.63931 -15.70140 -14.13760  -0.03083  -0.76200
 -15.63931 -18.29766 -10.56416  -0.01812  -0.76200
 -15.63931 -20.09423  -6.52901  -0.01210  -0.76200
 -15.63931 -21.01258  -2.20851  -0.02275  -0.76200
 -15.63931 -21.01258   2.20851   0.02275  -0.76200
 -15.63931 -20.09423   6.52901   0.01210  -0.76200
 -15.63931 -18.29766  10.56416   0.01812  -0.76200
 -15.63931 -15.70140  14.13761   0.03083  -0.76200
 -15.63931 -12.41891  17.09317   0.05094  -0.76200
 -15.63931  -8.59366  19.30168   0.08140  -0.76200
 -15.63931  -4.39282  20.66662   0.11491  -0.76200
 -11.56398   0.00000  20.09410   0.27755  -1.05711
 -11.56398   4.17780  19.65500   0.10468  -1.05711
 -11.56398   8.17301  18.35688   0.07330  -1.05711
 -11.56398  11.81102  16.25647   0.04877  -1.05711
 -11.56398  14.93283  13.44558   0.03668  -1.05711
 -11.56398  17.40200  10.04705   0.03045  -1.05711
 -11.56398  19.11063   6.20942   0.02898  -1.05711
 -11.56398  19.98402   2.10040   0.05837  -1.05711
 -11.56398  19.98402  -2.10041  -0.05837  -1.05711
 -11.56398  19.11063  -6.20942  -0.02898  -1.05711
 -11.56398  17.40200 -10.04705  -0.03045  -1.05711
 -11.56398  14.93283 -13.44558  -0.03668  -1.05711
 -11.56398  11.81102 -16.25647  -0.04877  -1.05711
 -11.56398   8.17301 -18.35688  -0.07330  -1.05711
 -11.56398   4.17780 -19.65500  -0.10468  -1.05711
 -11.56398  -0.00000 -20.09410  -0.11994  -1.05711
 -11.56398  -4.17780 -19.65500  -0.10468  -1.05711
 -11.56398  -8.17301 -18.35687  -0.07330  -1.05711
 -11.56398 -11.81102 -16.25647  -0.04877  -1.05711
 -11.56398 -14.93283 -13.44558  -0.03668  -1.05711
 -11.56398 -17.40200 -10.04705  -0.03045  -1.05711
 -11.56398 -19.11063  -6.20942  -0.02898  -1.05711
 -11.56398 -19.98402  -2.10040  -0.05837  -1.05711
 -11.56398 -19.98402   2.10041   0.05837  -1.05711
 -11.56398 -19.11063   6.20942   0.02898  -1.05711
 -11.56398 -17.40200  10.04705   0.03045  -1.05711
 -11.56398 -14.93283  13.44558   0.03668  -1.05711
 -11.56398 -11.81101  16.25647   0.04877  -1.05711
 -11.56398  -8.17300  18.35688   0.07330  -1.05711
 -11.56398  -4.17780  19.65500   0.10468  -1.05711
  -7.78199   0.00000  18.92080   0.31530  -1.38045
  -7.78199   3.93385  18.50733   0.06470  -1.38045
  -7.78199   7.69578  17.28501   0.04429  -1.38045
  -7.78199  11.12136  15.30724   0.03558  -1.38045
  -7.78199  14.06089  12.66048   0.04000  -1.38045
  -7.78199  16.38589   9.46040   0.04680  -1.38045
  -7.78199  17.99475   5.84685   0.05535  -1.38045
  -7.78199  18.81714   1.97776   0.11976  -1.38045
  -7.78199  18.81714  -1.97776  -0.11976  -1.38045
  -7.78199  17.99475  -5.84685  -0.05535  -1.38045
  -7.78199  16.38589  -9.46040  -0.04680  -1.38045
  -7.78199  14.06089 -12.66048  -0.04000  -1.38045
  -7.78199  11.12136 -15.30725  -0.03558  -1.38045
  -7.78199   7.69578 -17.28501  -0.04429  -1.38045
  -7.78199   3.93385 -18.50733  -0.06470  -1.38045
  -7.78199  -0.00000 -18.92080  -0.07609  -1.38045
  -7.78199  -3.93386 -18.50733  -0.06470  -1.38045
  -7.78199  -7.69578 -17.28501  -0.04429  -1.38045
  -7.78199 -11.12137 -15.30724  -0.03558  -1.38045
  -7.78199 -14.06089 -12.66048  -0.04000  -1.38045
  -7.78199 -16.38589  -9.46040  -0.04680  -1.38045
  -7.78199 -17.99475  -5.84685  -0.05535  -1.38045
  -7.78199 -18.81715  -1.97776  -0.11976  -1.38045
  -7.78199 -18.81714   1.97776   0.11976  -1.38045
  -7.78199 -17.99474   5.84685   0.05535  -1.38045
  -7.78199 -16.38589   9.46040   0.04680  -1.38045
  -7.78199 -14.06089  12.66049   0.04000  -1.38045
  -7.78199 -11.12136  15.30725   0.03558  -1.38045
  -7.78199  -7.69578  17.28501   0.04429  -1.38045
  -7.78199  -3.93385  18.50733   0.06470  -1.38045
  -4.33923   0.00000  17.60173   0.33105  -1.62196
  -4.33923   3.65961  17.21709  -0.01488  -1.62196
  -4.33923   7.15927  16.07998  -0.01355  -1.62196
  -4.33923  10.34604  14.24010   0.00522  -1.62196
  -4.33923  13.08063  11.77785   0.03588  -1.62196
  -4.33923  15.24354   8.80086   0.06351  -1.62196
  -4.33923  16.74024   5.43923   0.08943  -1.62196
  -4.33923  17.50530   1.83988   0.20884  -1.62196
  -4.33923  17.50530  -1.83988  -0.20884  -1.62196
  -4.33923  16.74024  -5.43923  -0.08943  -1.62196
  -4.33923  15.24354  -8.80086  -0.06351  -1.62196
  -4.33923  13.08063 -11.77786  -0.03588  -1.62196
  -4.33923  10.34603 -14.24010  -0.00522  -1.62196
  -4.33923   7.15927 -16.07998   0.01355  -1.62196
  -4.33923   3.65960 -17.21709   0.01488  -1.62196
  -4.33923  -0.00000 -17.60173   0.01191  -1.62196
  -4.33923  -3.65961 -17.21709   0.01488  -1.62196
  -4.33923  -7.15927 -16.07998   0.01355  -1.62196
  -4.33923 -10.34604 -14.24010  -0.00522  -1.62196
  -4.33923 -13.08063 -11.77785  -0.03588  -1.62196
  -4.33923 -15.24354  -8.80086  -0.06351  -1.62196
  -4.33923 -16.74024  -5.43923  -0.08943  -1.62196
  -4.33923 -17.50530  -1.83988  -0.20884  -1.62196
  -4.33923 -17.50530   1.83988   0.20884  -1.62196
  -4.33923 -16.74024   5.43924   0.08943  -1.62196
  -4.33923 -15.24354   8.80087   0.06351  -1.62196
  -4.33923 -13.08063  11.77786   0.03588  -1.62196
  -4.33923 -10.34603  14.24010   0.00522  -1.62196
  -4.33923  -7.15927  16.07998  -0.01355  -1.62196
  -4.33923  -3.65960  17.21709  -0.01488  -1.62196
  -1.28994   0.00000  16.14993   0.31403  -1.57722
  -1.28994   3.35776  15.79702  -0.13473  -1.57722
  -1.28994   6.56877  14.75370  -0.10332  -1.57722
  -1.28994   9.49269  13.06557  -0.04806  -1.57722
  -1.28994  12.00174  10.80641   0.01652  -1.57722
  -1.28994  13.98625   8.07497   0.07173  -1.57722
  -1.28994  15.35950   4.99060   0.12213  -1.57722
  -1.28994  16.06146   1.68813   0.31086  -1.57722
  -1.28994  16.06146  -1.68813  -0.31086  -1.57722
  -1.28994  15.35950  -4.99060  -0.12213  -1.57722
  -1.28994  13.98625  -8.07497  -0.07173  -1.57722
  -1.28994  12.00174 -10.80641  -0.01651  -1.57722
  -1.28994   9.49269 -13.06557   0.04806  -1.57722
  -1.28994   6.56877 -14.75370   0.10332  -1.57722
  -1.28994   3.35776 -15.79702   0.13473  -1.57722
  -1.28994  -0.00000 -16.14993   0.14373  -1.57722
  -1.28994  -3.35776 -15.79702   0.13473  -1.57722
  -1.28994  -6.56877 -14.75370   0.10332  -1.57722
  -1.28994  -9.49269 -13.06557   0.04806  -1.57722
  -1.28994 -12.00174 -10.80641  -0.01652  -1.57722
  -1.28994 -13.98625  -8.07496  -0.07173  -1.57722
  -1.28994 -15.35950  -4.99060  -0.12213  -1.57722
  -1.28994 -16.06146  -1.68813  -0.31086  -1.57722
  -1.28994 -16.06146   1.68813   0.31086  -1.57722
  -1.28994 -15.35950   4.99061   0.12213  -1.57722
  -1.28994 -13.98625   8.07497   0.07173  -1.57722
  -1.28994 -12.00174  10.80641   0.01651  -1.57722
  -1.28994  -9.49269  13.06557  -0.04806  -1.57722
  -1.28994  -6.56877  14.75370  -0.10332  -1.57722
  -1.28994  -3.35776  15.79702  -0.13473  -1.57722
   1.33602   0.00000  14.59317   0.26093  -0.98933
   1.33602   3.03409  14.27427  -0.28167  -0.98933
   1.33602   5.93558  13.33152  -0.21898  -0.98933
   1.33602   8.57765  11.80612  -0.12604  -0.98933
   1.33602  10.84484   9.76473  -0.02614  -0.98933
   1.33602  12.63805   7.29658   0.05913  -0.98933
   1.33602  13.87893   4.50954   0.13719  -0.98933
   1.33602  14.51322   1.52540   0.39008  -0.98933
   1.33602  14.51322  -1.52540  -0.39008  -0.98933
   1.33602  13.87893  -4.50954  -0.13719  -0.98933
   1.33602  12.63805  -7.29658  -0.05913  -0.98933
   1.33602  10.84484  -9.76473   0.02614  -0.98933
   1.33602   8.57765 -11.80612   0.12604  -0.98933
   1.33602   5.93557 -13.33152   0.21898  -0.98933
   1.33602   3.03409 -14.27427   0.28167  -0.98933
   1.33602  -0.00000 -14.59317   0.30317  -0.98933
   1.33602  -3.03409 -14.27427   0.28167  -0.98933
   1.33602  -5.93558 -13.33152   0.21898  -0.98933
   1.33602  -8.57765 -11.80612   0.12604  -0.98933
   1.33602 -10.84484  -9.76473   0.02614  -0.98933
   1.33602 -12.63805  -7.29658  -0.05913  -0.98933
   1.33602 -13.87893  -4.50953  -0.13719  -0.98933
   1.33602 -14.51322  -1.52540  -0.39008  -0.98933
   1.33602 -14.51322   1.52540   0.39008  -0.98933
   1.33602 -13.87893   4.50954   0.13719  -0.98933
   1.33602 -12.63805   7.29658   0.05913  -0.98933
   1.33602 -10.84483   9.76474  -0.02614  -0.98933
   1.33602  -8.57765  11.80612  -0.12604  -0.98933
   1.33602  -5.93557  13.33152  -0.21898  -0.98933
   1.33602  -3.03409  14.27427  -0.28167  -0.98933
   3.52615   0.00000  12.97807   0.17955   0.33486
   3.52615   2.69829  12.69446  -0.43003   0.33486
   3.52615   5.27865  11.85605  -0.34377   0.33486
   3.52615   7.62832  10.49948  -0.22210   0.33486
   3.52615   9.64458   8.68402  -0.09419   0.33486
   3.52615  11.23933   6.48903   0.01673   0.33486
   3.52615  12.34287   4.01044   0.11849   0.33486
   3.52615  12.90697   1.35658   0.40276   0.33486
   3.52615  12.90697  -1.35658  -0.40276   0.33486
   3.52615  12.34287  -4.01044  -0.11849   0.33486
   3.52615  11.23933  -6.48903  -0.01673   0.33486
   3.52615   9.64458  -8.68402   0.09419   0.33486
   3.52615   7.62831 -10.49948   0.22210   0.33486
   3.52615   5.27865 -11.85605   0.34377   0.33486
   3.52615   2.69829 -12.69446   0.43003   0.33486
   3.52615  -0.00000 -12.97807   0.46093   0.33486
   3.52615  -2.69829 -12.69446   0.43003   0.33486
   3.52615  -5.27866 -11.85605   0.34377   0.33486
   3.52615  -7.62832 -10.49947   0.22210   0.33486
   3.52615  -9.64458  -8.68402   0.09419   0.33486
   3.52615 -11.23933  -6.48903  -0.01673   0.33486
   3.52615 -12.34287  -4.01044  -0.11849   0.33486
   3.52615 -12.90697  -1.35658  -0.40276   0.33486
   3.52615 -12.90697   1.35658   0.40276   0.33486
   3.52615 -12.34287   4.01044   0.11849   0.33486
   3.52615 -11.23933   6.48903   0.01673   0.33486
   3.52615  -9.64458   8.68402  -0.09419   0.33486
   3.52615  -7.62831  10.49948  -0.22210   0.33486
   3.52615  -5.27865  11.85605  -0.34377   0.33486
   3.52615  -2.69829  12.69446  -0.43003   0.33486
   5.28205   0.00000  11.37296   0.08752   2.37889
   5.28205   2.36457  11.12444  -0.55066   2.37889
   5.28205   4.62580  10.38972  -0.45420   2.37889
   5.28205   6.68486   9.20092  -0.31977   2.37889
   5.28205   8.45176   7.61000  -0.17796   2.37889
   5.28205   9.84928   5.68648  -0.05209   2.37889
   5.28205  10.81633   3.51444   0.06257   2.37889
   5.28205  11.31066   1.18880   0.32753   2.37889
   5.28205  11.31066  -1.18880  -0.32753   2.37889
   5.28205  10.81633  -3.51444  -0.06257   2.37889
   5.28205   9.84928  -5.68648   0.05209   2.37889
   5.28205   8.45176  -7.61000   0.17796   2.37889
   5.28205   6.68486  -9.20092   0.31977   2.37889
   5.28205   4.62580 -10.38972   0.45420   2.37889
   5.28205   2.36457 -11.12444   0.55066   2.37889
   5.28205  -0.00000 -11.37296   0.58566   2.37889
   5.28205  -2.36457 -11.12444   0.55066   2.37889
   5.28205  -4.62580 -10.38972   0.45420   2.37889
   5.28205  -6.68486  -9.20092   0.31977   2.37889
   5.28205  -8.45176  -7.61000   0.17796   2.37889
   5.28205  -9.84928  -5.68648   0.05209   2.37889
   5.28205 -10.81633  -3.51444  -0.06257   2.37889
   5.28205 -11.31066  -1.18880  -0.32753   2.37889
   5.28205 -11.31066   1.18880   0.32753   2.37889
   5.28205 -10.81633   3.51444   0.06257   2.37889
   5.28205  -9.84927   5.68648  -0.05209   2.37889
   5.28205  -8.45176   7.61000  -0.17796   2.37889
   5.28205  -6.68486   9.20092  -0.31977   2.37889
   5.28205  -4.62580  10.38972  -0.45420   2.37889
   5.28205  -2.36457  11.12444  -0.55066   2.37889
   6.64618   0.00000   9.83459   0.00336   4.90952
   6.64618   2.04473   9.61969  -0.62508   4.90952
   6.64618   4.00009   8.98435  -0.53128   4.90952
   6.64618   5.78063   7.95635  -0.40004   4.90952
   6.64618   7.30853   6.58063  -0.25940   4.90952
   6.64618   8.51701   4.91730  -0.13124   4.90952
   6.64618   9.35326   3.03906  -0.01663   4.90952
   6.64618   9.78072   1.02799   0.18417   4.90952
   6.64618   9.78072  -1.02800  -0.18417   4.90952
   6.64618   9.35326  -3.03906   0.01663   4.90952
   6.64618   8.51701  -4.91730   0.13124   4.90952
   6.64618   7.30853  -6.58063   0.25940   4.90952
   6.64618   5.78063  -7.95635   0.40004   4.90952
   6.64618   4.00009  -8.98435   0.53128   4.90952
   6.64618   2.04473  -9.61969   0.62508   4.90952
   6.64618  -0.00000  -9.83459   0.65913   4.90952
   6.64618  -2.04473  -9.61969   0.62508   4.90952
   6.64618  -4.00009  -8.98435   0.53128   4.90952
   6.64618  -5.78063  -7.95635   0.40004   4.90952
   6.64618  -7.30853  -6.58063   0.25940   4.90952
   6.64618  -8.51701  -4.91730   0.13124   4.90952
   6.64618  -9.35326  -3.03906   0.01663   4.90952
   6.64618  -9.78072  -1.02799  -0.18417   4.90952
   6.64618  -9.78072   1.02800   0.18417   4.90952
   6.64618  -9.35325   3.03906  -0.01663   4.90952
   6.64618  -8.51701   4.91730  -0.13124   4.90952
   6.64618  -7.30853   6.58063  -0.25940   4.90952
   6.64618  -5.78063   7.95636  -0.40004   4.90952
   6.64618  -4.00009   8.98435  -0.53128   4.90952
   6.64618  -2.04473   9.61969  -0.62508   4.90952
   7.67851   0.00000   8.40436  -0.06074   7.59091
   7.67851   1.74737   8.22071  -0.64953   7.59091
   7.67851   3.41836   7.67777  -0.56674   7.59091
   7.67851   4.93996   6.79927  -0.44953   7.59091
   7.67851   6.24566   5.62362  -0.32115   7.59091
   7.67851   7.27839   4.20218  -0.20101   7.59091
   7.67851   7.99303   2.59709  -0.09658   7.59091
   7.67851   8.35832   0.87850   0.01885   7.59091
   7.67851   8.35832  -0.87850  -0.01885   7.59091
   7.67851   7.99303  -2.59709   0.09658   7.59091
   7.67851   7.27839  -4.20218   0.20101   7.59091
   7.67851   6.24566  -5.62362   0.32115   7.59091
   7.67851   4.93996  -6.79927   0.44953   7.59091
   7.67851   3.41836  -7.67777   0.56674   7.59091
   7.67851   1.74737  -8.22071   0.64953   7.59091
   7.67851  -0.00000  -8.40436   0.67945   7.59091
   7.67851  -1.74737  -8.22071   0.64953   7.59091
   7.67851  -3.41836  -7.67777   0.56674   7.59091
   7.67851  -4.93996  -6.79927   0.44953   7.59091
   7.67851  -6.24566  -5.62362   0.32115   7.59091
   7.67851  -7.27839  -4.20218   0.20101   7.59091
   7.67851  -7.99303  -2.59709   0.09658   7.59091
   7.67851  -8.35833  -0.87849  -0.01885   7.59091
   7.67851  -8.35832   0.87850   0.01885   7.59091
   7.67851  -7.99303   2.59709  -0.09658   7.59091
   7.67851  -7.27839   4.20218  -0.20101   7.59091
   7.67851  -6.24566   5.62362  -0.32115   7.59091
   7.67851  -4.93996   6.79927  -0.44953   7.59091
   7.67851  -3.41836   7.67777  -0.56674   7.59091
   7.67851  -1.74736   8.22071  -0.64953   7.59091
   8.43596   0.00000   7.11994  -0.10072  10.09631
   8.43596   1.48032   6.96436  -0.63203  10.09631
   8.43596   2.89594   6.50439  -0.56335  10.09631
   8.43596   4.18500   5.76015  -0.46462  10.09631
   8.43596   5.29115   4.76417  -0.35383  10.09631
   8.43596   6.16605   3.55997  -0.24749  10.09631
   8.43596   6.77147   2.20018  -0.15827  10.09631
   8.43596   7.08094   0.74424  -0.12342  10.09631
   8.43596   7.08094  -0.74424   0.12342  10.09631
   8.43596   6.77147  -2.20018   0.15827  10.09631
   8.43596   6.16605  -3.55997   0.24749  10.09631
   8.43596   5.29115  -4.76417   0.35383  10.09631
   8.43596   4.18500  -5.76016   0.46462  10.09631
   8.43596   2.89594  -6.50439   0.56335  10.09631
   8.43596   1.48032  -6.96436   0.63203  10.09631
   8.43596  -0.00000  -7.11994   0.65668  10.09631
   8.43596  -1.48032  -6.96435   0.63203  10.09631
   8.43596  -2.89594  -6.50439   0.56335  10.09631
   8.43596  -4.18500  -5.76015   0.46462  10.09631
   8.43596  -5.29115  -4.76417   0.35383  10.09631
   8.43596  -6.16605  -3.55997   0.24749  10.09631
   8.43596  -6.77147  -2.20018   0.15827  10.09631
   8.43596  -7.08094  -0.74424   0.12342  10.09631
   8.43596  -7.08094   0.74424  -0.12342  10.09631
   8.43596  -6.77147   2.20018  -0.15827  10.09631
   8.43596  -6.16605   3.55997  -0.24749  10.09631
   8.43596  -5.29115   4.76417  -0.35383  10.09631
   8.43596  -4.18500   5.76016  -0.46462  10.09631
   8.43596  -2.89594   6.50439  -0.56335  10.09631
   8.43596  -1.48032   6.96436  -0.63203  10.09631
   8.98286   0.00000   5.98854  -0.11966  12.24415
   8.98286   1.24509   5.85767  -0.58613  12.24415
   8.98286   2.43576   5.47080  -0.53114  12.24415
   8.98286   3.51997   4.84483  -0.45078  12.24415
   8.98286   4.45035   4.00711  -0.35840  12.24415
   8.98286   5.18623   2.99427  -0.26767  12.24415
   8.98286   5.69544   1.85056  -0.19443  12.24415
   8.98286   5.95573   0.62597  -0.22053  12.24415
   8.98286   5.95573  -0.62597   0.22053  12.24415
   8.98286   5.69544  -1.85056   0.19443  12.24415
   8.98286   5.18622  -2.99427   0.26767  12.24415
   8.98286   4.45035  -4.00711   0.35840  12.24415
   8.98286   3.51997  -4.84483   0.45078  12.24415
   8.98286   2.43576  -5.47080   0.53114  12.24415
   8.98286   1.24509  -5.85767   0.58613  12.24415
   8.98286  -0.00000  -5.98854   0.60571  12.24415
   8.98286  -1.24509  -5.85767   0.58613  12.24415
   8.98286  -2.43576  -5.47080   0.53114  12.24415
   8.98286  -3.51997  -4.84483   0.45078  12.24415
   8.98286  -4.45035  -4.00711   0.35840  12.24415
   8.98286  -5.18623  -2.99427   0.26767  12.24415
   8.98286  -5.69544  -1.85056   0.19443  12.24415
   8.98286  -5.95573  -0.62597   0.22053  12.24415
   8.98286  -5.95573   0.62597  -0.22053  12.24415
   8.98286  -5.69544   1.85056  -0.19443  12.24415
   8.98286  -5.18622   2.99427  -0.26767  12.24415
   8.98286  -4.45035   4.00711  -0.35840  12.24415
   8.98286  -3.51997   4.84483  -0.45078  12.24415
   8.98286  -2.43576   5.47080  -0.53114  12.24415
   8.98286  -1.24509   5.85767  -0.58613  12.24415
   9.37120   0.00000   5.01053  -0.12327  13.96550
   9.37120   1.04175   4.90104  -0.52500  13.96550
   9.37120   2.03797   4.57735  -0.48164  13.96550
   9.37120   2.94512   4.05360  -0.41726  13.96550
   9.37120   3.72355   3.35270  -0.34159  13.96550
   9.37120   4.33925   2.50527  -0.26578  13.96550
   9.37120   4.76530   1.54834  -0.20683  13.96550
   9.37120   4.98308   0.52374  -0.27074  13.96550
   9.37120   4.98308  -0.52374   0.27074  13.96550
   9.37120   4.76530  -1.54834   0.20683  13.96550
   9.37120   4.33925  -2.50527   0.26578  13.96550
   9.37120   3.72355  -3.35270   0.34159  13.96550
   9.37120   2.94512  -4.05360   0.41727  13.96550
   9.37120   2.03797  -4.57735   0.48164  13.96550
   9.37120   1.04175  -4.90104   0.52500  13.96550
   9.37120  -0.00000  -5.01053   0.54031  13.96550
   9.37120  -1.04175  -4.90104   0.52500  13.96550
   9.37120  -2.03797  -4.57735   0.48164  13.96550
   9.37120  -2.94512  -4.05360   0.41726  13.96550
   9.37120  -3.72355  -3.35270   0.34159  13.96550
   9.37120  -4.33925  -2.50526   0.26578  13.96550
   9.37120  -4.76530  -1.54834   0.20683  13.96550
   9.37120  -4.98308  -0.52374   0.27074  13.96550
   9.37120  -4.98308   0.52374  -0.27074  13.96550
   9.37120  -4.76530   1.54834  -0.20683  13.96550
   9.37120  -4.33925   2.50527  -0.26578  13.96550
   9.37120  -3.72355   3.35270  -0.34159  13.96550
   9.37120  -2.94512   4.05360  -0.41727  13.96550
   9.37120  -2.03797   4.57735  -0.48164  13.96550
   9.37120  -1.04175   4.90104  -0.52500  13.96550
   9.67826   0.00000   4.05772  -0.11587  15.45318
   9.67826   0.84365   3.96905  -0.44837  15.45318
   9.67826   1.65042   3.70691  -0.41552  15.45318
   9.67826   2.38507   3.28276  -0.36593  15.45318
   9.67826   3.01547   2.71514  -0.30633  15.45318
   9.67826   3.51409   2.02886  -0.24549  15.45318
   9.67826   3.85912   1.25390  -0.19996  15.45318
   9.67826   4.03549   0.42415  -0.28361  15.45318
   9.67826   4.03549  -0.42415   0.28361  15.45318
   9.67826   3.85912  -1.25390   0.19996  15.45318
   9.67826   3.51409  -2.02886   0.24549  15.45318
   9.67826   3.01547  -2.71514   0.30633  15.45318
   9.67826   2.38507  -3.28276   0.36593  15.45318
   9.67826   1.65042  -3.70691   0.41552  15.45318
   9.67826   0.84365  -3.96905   0.44837  15.45318
   9.67826  -0.00000  -4.05772   0.45988  15.45318
   9.67826  -0.84365  -3.96905   0.44837  15.45318
   9.67826  -1.65042  -3.70691   0.41552  15.45318
   9.67826  -2.38507  -3.28276   0.36593  15.45318
   9.67826  -3.01547  -2.71514   0.30633  15.45318
   9.67826  -3.51409  -2.02886   0.24549  15.45318
   9.67826  -3.85912  -1.25390   0.19996  15.45318
   9.67826  -4.03549  -0.42415   0.28361  15.45318
   9.67826  -4.03549   0.42415  -0.28361  15.45318
   9.67826  -3.85912   1.25390  -0.19996  15.45318
   9.67826  -3.51409   2.02886  -0.24549  15.45318
   9.67826  -3.01547   2.71514  -0.30633  15.45318
   9.67826  -2.38507   3.28276  -0.36593  15.45318
   9.67826  -1.65042   3.70691  -0.41552  15.45318
   9.67826  -0.84365   3.96905  -0.44837  15.45318
   9.92200   0.00000   3.08555  -0.09833  16.71950
   9.92200   0.64152   3.01812  -0.35541  16.71950
   9.92200   1.25501   2.81879  -0.33209  16.71950
   9.92200   1.81364   2.49626  -0.29629  16.71950
   9.92200   2.29301   2.06463  -0.25233  16.71950
   9.92200   2.67216   1.54277  -0.20666  16.71950
   9.92200   2.93453   0.95349  -0.17367  16.71950
   9.92200   3.06864   0.32253  -0.25880  16.71950
   9.92200   3.06864  -0.32253   0.25880  16.71950
   9.92200   2.93453  -0.95349   0.17367  16.71950
   9.92200   2.67216  -1.54277   0.20666  16.71950
   9.92200   2.29301  -2.06463   0.25233  16.71950
   9.92200   1.81364  -2.49626   0.29629  16.71950
   9.92200   1.25500  -2.81879   0.33209  16.71950
   9.92200   0.64152  -3.01812   0.35541  16.71950
   9.92200  -0.00000  -3.08555   0.36351  16.71950
   9.92200  -0.64152  -3.01812   0.35541  16.71950
   9.92200  -1.25501  -2.81879   0.33209  16.71950
   9.92200  -1.81364  -2.49626   0.29629  16.71950
   9.92200  -2.29301  -2.06463   0.25233  16.71950
   9.92200  -2.67216  -1.54277   0.20666  16.71950
   9.92200  -2.93453  -0.95349   0.17367  16.71950
   9.92200  -3.06864  -0.32253   0.25881  16.71950
   9.92200  -3.06864   0.32253  -0.25880  16.71950
   9.92200  -2.93453   0.95349  -0.17367  16.71950
   9.92200  -2.67216   1.54277  -0.20666  16.71950
   9.92200  -2.29301   2.06463  -0.25233  16.71950
   9.92200  -1.81364   2.49626  -0.29629  16.71950
   9.92200  -1.25500   2.81879  -0.33209  16.71950
   9.92200  -0.64152   3.01812  -0.35541  16.71950
  10.09969   0.00000   2.09993  -0.07205  17.69295
  10.09969   0.43660   2.05405  -0.24907  17.69295
  10.09969   0.85412   1.91839  -0.23413  17.69295
  10.09969   1.23431   1.69888  -0.21085  17.69295
  10.09969   1.56056   1.40513  -0.18170  17.69295
  10.09969   1.81860   1.04997  -0.15093  17.69295
  10.09969   1.99716   0.64892  -0.12922  17.69295
  10.09969   2.08843   0.21950  -0.19775  17.69295
  10.09969   2.08843  -0.21950   0.19775  17.69295
  10.09969   1.99716  -0.64892   0.12922  17.69295
  10.09969   1.81860  -1.04997   0.15093  17.69295
  10.09969   1.56055  -1.40513   0.18170  17.69295
  10.09969   1.23431  -1.69888   0.21085  17.69295
  10.09969   0.85412  -1.91839   0.23413  17.69295
  10.09969   0.43660  -2.05405   0.24907  17.69295
  10.09969  -0.00000  -2.09993   0.25421  17.69295
  10.09969  -0.43660  -2.05405   0.24907  17.69295
  10.09969  -0.85412  -1.91839   0.23413  17.69295
  10.09969  -1.23431  -1.69888   0.21085  17.69295
  10.09969  -1.56056  -1.40513   0.18170  17.69295
  10.09969  -1.81860  -1.04997   0.15093  17.69295
  10.09969  -1.99716  -0.64892   0.12922  17.69295
  10.09969  -2.08843  -0.21950   0.19775  17.69295
  10.09969  -2.08843   0.21950  -0.19775  17.69295
  10.09969  -1.99716   0.64892  -0.12922  17.69295
  10.09969  -1.81860   1.04997  -0.15093  17.69295
  10.09969  -1.56055   1.40513  -0.18170  17.69295
  10.09969  -1.23431   1.69888  -0.21085  17.69295
  10.09969  -0.85412   1.91839  -0.23413  17.69295
  10.09969  -0.43660   2.05405  -0.24907  17.69295
  10.21008   0.00000   1.10183  -0.03891  18.31990
  10.21008   0.22908   1.07775  -0.13243  18.31990
  10.21008   0.44815   1.00657  -0.12488  18.31990
  10.21008   0.64764   0.89140  -0.11297  18.31990
  10.21008   0.81882   0.73727  -0.09781  18.31990
  10.21008   0.95421   0.55091  -0.08148  18.31990
  10.21008   1.04790   0.34048  -0.06960  18.31990
  10.21008   1.09579   0.11517  -0.10533  18.31990
  10.21008   1.09579  -0.11517   0.10533  18.31990
  10.21008   1.04790  -0.34048   0.06960  18.31990
  10.21008   0.95421  -0.55091   0.08148  18.31990
  10.21008   0.81882  -0.73727   0.09781  18.31990
  10.21008   0.64764  -0.89140   0.11297  18.31990
  10.21008   0.44815  -1.00657   0.12488  18.31990
  10.21008   0.22908  -1.07775   0.13243  18.31990
  10.21008  -0.00000  -1.10183   0.13502  18.31990
  10.21008  -0.22908  -1.07775   0.13243  18.31990
  10.21008  -0.44815  -1.00657   0.12488  18.31990
  10.21008  -0.64764  -0.89140   0.11297  18.31990
  10.21008  -0.81882  -0.73727   0.09781  18.31990
  10.21008  -0.95421  -0.55091   0.08148  18.31990
  10.21008  -1.04790  -0.34048   0.06960  18.31990
  10.21008  -1.09579  -0.11517   0.10533  18.31990
  10.21008  -1.09579   0.11517  -0.10533  18.31990
  10.21008  -1.04790   0.34048  -0.06960  18.31990
  10.21008  -0.95421   0.55091  -0.08148  18.31990
  10.21008  -0.81882   0.73727  -0.09781  18.31990
  10.21008  -0.64764   0.89140  -0.11297  18.31990
  10.21008  -0.44815   1.00657  -0.12488  18.31990
  10.21008  -0.22908   1.07775  -0.13243  18.31990
  10.25151   0.00000   0.10252   0.00686  18.55971
  10.25151   0.02131   0.10028  -0.00163  18.55971
  10.25151   0.04170   0.09365  -0.00018  18.55971
  10.25151   0.06026   0.08294   0.00240  18.55971
  10.25151   0.07618   0.06860   0.00653  18.55971
  10.25151   0.08878   0.05126   0.01337  18.55971
  10.25151   0.09750   0.03168   0.02749  18.55971
  10.25151   0.10195   0.01072   0.09075  18.55971
  10.25151   0.10195  -0.01072  -0.09075  18.55971
  10.25151   0.09750  -0.03168  -0.02749  18.55971
  10.25151   0.08878  -0.05126  -0.01337  18.55971
  10.25151   0.07618  -0.06860  -0.00653  18.55971
  10.25151   0.06026  -0.08294  -0.00240  18.55971
  10.25151   0.04170  -0.09365   0.00018  18.55971
  10.25151   0.02131  -0.10028   0.00163  18.55971
  10.25151  -0.00000  -0.10252   0.00210  18.55971
  10.25151  -0.02131  -0.10028   0.00163  18.55971
  10.25151  -0.04170  -0.09365   0.00018  18.55971
  10.25151  -0.06026  -0.08294  -0.00240  18.55971
  10.25151  -0.07618  -0.06860  -0.00653  18.55971
  10.25151  -0.08878  -0.05126  -0.01337  18.55971
  10.25151  -0.09750  -0.03168  -0.02749  18.55971
  10.25151  -0.10195  -0.01072  -0.09075  18.55971
  10.25151  -0.10195   0.01072   0.09075  18.55971
  10.25151  -0.09750   0.03168   0.02749  18.55971
  10.25151  -0.08878   0.05126   0.01337  18.55971
  10.25151  -0.07618   0.06860   0.00653  18.55971
  10.25151  -0.06026   0.08294   0.00240  18.55971
  10.25151  -0.04170   0.09365  -0.00018  18.55971
  10.25151  -0.02131   0.10028  -0.00163  18.55971
