  -0.525542    
    362.160    
   -63.2434    
   -524.873    
   -245.750    
    34.1445    
    76.8296    
    80.8634    
   0.240649    
   0.821841E-01
   0.129295E-01
   0.341129E-01
   0.149997E-01
   0.269548E-01
   0.110628E-01
   0.204036E-01
   0.761799E-01
   0.824768E-01
   0.210714E-01
   0.217501E-01
   0.201953E-01
   0.437784E-01
   0.300701E-01
   0.134161E-01
   0.562815E-01
   0.940076E-01
   0.125511E-01
   0.164444E-01
   0.473016E-01
   0.238474E-01
   0.121286    
   0.125169E-01
     Q=    5.32125    
 B_rms=    49.8697    
