   0.26038859E-01
   0.14427009E-01
   0.25711946E-01
   0.94431902E-01
   0.13957024E-01
   0.35610028E-01
   0.14465501E-01
   0.19927191    
   0.93962538E-01
   0.11972953E-01
   0.11150422E-01
   0.17210405E-01
   0.21570025E-01
   0.11233806E-01
   0.50860403E-01
   0.18625135E-01
   0.15253097E-01
   0.92907158E-01
   0.28367099E-01
   0.10391202    
   -5.5627689    
   0.16163323    
   0.18539537    
   0.79520777    
    9.1201095    
   0.22642486E-01
   0.16591061E-01
   0.25711946E-01
   0.94431902E-01
   0.13957024E-01
   0.35610028E-01
   0.14465501E-01
   0.19927191    
   0.93962538E-01
   0.11972953E-01
   0.11150422E-01
   0.17210405E-01
   0.21570025E-01
   0.11233806E-01
   0.50860403E-01
   0.18625135E-01
   0.15253097E-01
   0.92907158E-01
   0.28367099E-01
   0.10391202    
   -5.5627689    
   0.16163323    
   0.18539537    
   0.79520777    
    9.1201181    
   0.22642486E-01
   0.14427009E-01
   0.29568738E-01
   0.94431902E-01
   0.13957024E-01
   0.35610028E-01
   0.14465501E-01
   0.19927191    
   0.93962538E-01
   0.11972953E-01
   0.11150422E-01
   0.17210405E-01
   0.21570025E-01
   0.11233806E-01
   0.50860403E-01
   0.18625135E-01
   0.15253097E-01
   0.92907158E-01
   0.28367099E-01
   0.10391202    
   -5.5627689    
   0.16163323    
   0.18539537    
   0.79520777    
    9.1201225    
   0.22925517E-01
   0.14607347E-01
   0.26033345E-01
   0.80267116E-01
   0.14131487E-01
   0.36055153E-01
   0.14646320E-01
   0.20176281    
   0.95137070E-01
   0.12122615E-01
   0.11289802E-01
   0.17425535E-01
   0.21839650E-01
   0.11374229E-01
   0.51496158E-01
   0.18857949E-01
   0.15443760E-01
   0.94068497E-01
   0.28721688E-01
   0.10521092    
   -5.6323035    
   0.16365364    
   0.18771281    
   0.80514786    
    9.1211590    
   0.22642486E-01
   0.14427009E-01
   0.25711946E-01
   0.94431902E-01
   0.16050578E-01
   0.35610028E-01
   0.14465501E-01
   0.19927191    
   0.93962538E-01
   0.11972953E-01
   0.11150422E-01
   0.17210405E-01
   0.21570025E-01
   0.11233806E-01
   0.50860403E-01
   0.18625135E-01
   0.15253097E-01
   0.92907158E-01
   0.28367099E-01
   0.10391202    
   -5.5627689    
   0.16163323    
   0.18539537    
   0.79520777    
    9.1200952    
   0.22642486E-01
   0.14427009E-01
   0.25711946E-01
   0.94431902E-01
   0.13957024E-01
   0.40951532E-01
   0.14465501E-01
   0.19927191    
   0.93962538E-01
   0.11972953E-01
   0.11150422E-01
   0.17210405E-01
   0.21570025E-01
   0.11233806E-01
   0.50860403E-01
   0.18625135E-01
   0.15253097E-01
   0.92907158E-01
   0.28367099E-01
   0.10391202    
   -5.5627689    
   0.16163323    
   0.18539537    
   0.79520777    
    9.1209462    
   0.22642486E-01
   0.14427009E-01
   0.25711946E-01
   0.94431902E-01
   0.13957024E-01
   0.35610028E-01
   0.16635326E-01
   0.19927191    
   0.93962538E-01
   0.11972953E-01
   0.11150422E-01
   0.17210405E-01
   0.21570025E-01
   0.11233806E-01
   0.50860403E-01
   0.18625135E-01
   0.15253097E-01
   0.92907158E-01
   0.28367099E-01
   0.10391202    
   -5.5627689    
   0.16163323    
   0.18539537    
   0.79520777    
    9.1201216    
   0.22642486E-01
   0.14427009E-01
   0.25711946E-01
   0.94431902E-01
   0.13957024E-01
   0.35610028E-01
   0.14465501E-01
   0.22916270    
   0.93962538E-01
   0.11972953E-01
   0.11150422E-01
   0.17210405E-01
   0.21570025E-01
   0.11233806E-01
   0.50860403E-01
   0.18625135E-01
   0.15253097E-01
   0.92907158E-01
   0.28367099E-01
   0.10391202    
   -5.5627689    
   0.16163323    
   0.18539537    
   0.79520777    
    9.1201038    
   0.22642486E-01
   0.14427009E-01
   0.25711946E-01
   0.94431902E-01
   0.13957024E-01
   0.35610028E-01
   0.14465501E-01
   0.19927191    
   0.10805692    
   0.11972953E-01
   0.11150422E-01
   0.17210405E-01
   0.21570025E-01
   0.11233806E-01
   0.50860403E-01
   0.18625135E-01
   0.15253097E-01
   0.92907158E-01
   0.28367099E-01
   0.10391202    
   -5.5627689    
   0.16163323    
   0.18539537    
   0.79520777    
    9.1201190    
   0.22642486E-01
   0.14427009E-01
   0.25711946E-01
   0.94431902E-01
   0.13957024E-01
   0.35610028E-01
   0.14465501E-01
   0.19927191    
   0.93962538E-01
   0.13768896E-01
   0.11150422E-01
   0.17210405E-01
   0.21570025E-01
   0.11233806E-01
   0.50860403E-01
   0.18625135E-01
   0.15253097E-01
   0.92907158E-01
   0.28367099E-01
   0.10391202    
   -5.5627689    
   0.16163323    
   0.18539537    
   0.79520777    
    9.1201307    
   0.22642486E-01
   0.14427009E-01
   0.25711946E-01
   0.94431902E-01
   0.13957024E-01
   0.35610028E-01
   0.14465501E-01
   0.19927191    
   0.93962538E-01
   0.11972953E-01
   0.12822985E-01
   0.17210405E-01
   0.21570025E-01
   0.11233806E-01
   0.50860403E-01
   0.18625135E-01
   0.15253097E-01
   0.92907158E-01
   0.28367099E-01
   0.10391202    
   -5.5627689    
   0.16163323    
   0.18539537    
   0.79520777    
    9.1201259    
   0.22642486E-01
   0.14427009E-01
   0.25711946E-01
   0.94431902E-01
   0.13957024E-01
   0.35610028E-01
   0.14465501E-01
   0.19927191    
   0.93962538E-01
   0.11972953E-01
   0.11150422E-01
   0.19791966E-01
   0.21570025E-01
   0.11233806E-01
   0.50860403E-01
   0.18625135E-01
   0.15253097E-01
   0.92907158E-01
   0.28367099E-01
   0.10391202    
   -5.5627689    
   0.16163323    
   0.18539537    
   0.79520777    
    9.1201125    
   0.22642486E-01
   0.14427009E-01
   0.25711946E-01
   0.94431902E-01
   0.13957024E-01
   0.35610028E-01
   0.14465501E-01
   0.19927191    
   0.93962538E-01
   0.11972953E-01
   0.11150422E-01
   0.17210405E-01
   0.24805529E-01
   0.11233806E-01
   0.50860403E-01
   0.18625135E-01
   0.15253097E-01
   0.92907158E-01
   0.28367099E-01
   0.10391202    
   -5.5627689    
   0.16163323    
   0.18539537    
   0.79520777    
    9.1201090    
   0.22642486E-01
   0.14427009E-01
   0.25711946E-01
   0.94431902E-01
   0.13957024E-01
   0.35610028E-01
   0.14465501E-01
   0.19927191    
   0.93962538E-01
   0.11972953E-01
   0.11150422E-01
   0.17210405E-01
   0.21570025E-01
   0.12918877E-01
   0.50860403E-01
   0.18625135E-01
   0.15253097E-01
   0.92907158E-01
   0.28367099E-01
   0.10391202    
   -5.5627689    
   0.16163323    
   0.18539537    
   0.79520777    
    9.1201207    
   0.22642486E-01
   0.14427009E-01
   0.25711946E-01
   0.94431902E-01
   0.13957024E-01
   0.35610028E-01
   0.14465501E-01
   0.19927191    
   0.93962538E-01
   0.11972953E-01
   0.11150422E-01
   0.17210405E-01
   0.21570025E-01
   0.11233806E-01
   0.58489463E-01
   0.18625135E-01
   0.15253097E-01
   0.92907158E-01
   0.28367099E-01
   0.10391202    
   -5.5627689    
   0.16163323    
   0.18539537    
   0.79520777    
    9.1201220    
   0.22642486E-01
   0.14427009E-01
   0.25711946E-01
   0.94431902E-01
   0.13957024E-01
   0.35610028E-01
   0.14465501E-01
   0.19927191    
   0.93962538E-01
   0.11972953E-01
   0.11150422E-01
   0.17210405E-01
   0.21570025E-01
   0.11233806E-01
   0.50860403E-01
   0.21418905E-01
   0.15253097E-01
   0.92907158E-01
   0.28367099E-01
   0.10391202    
   -5.5627689    
   0.16163323    
   0.18539537    
   0.79520777    
    9.1201302    
   0.22642486E-01
   0.14427009E-01
   0.25711946E-01
   0.94431902E-01
   0.13957024E-01
   0.35610028E-01
   0.14465501E-01
   0.19927191    
   0.93962538E-01
   0.11972953E-01
   0.11150422E-01
   0.17210405E-01
   0.21570025E-01
   0.11233806E-01
   0.50860403E-01
   0.18625135E-01
   0.17541061E-01
   0.92907158E-01
   0.28367099E-01
   0.10391202    
   -5.5627689    
   0.16163323    
   0.18539537    
   0.79520777    
    9.1201233    
   0.22642486E-01
   0.14427009E-01
   0.25711946E-01
   0.94431902E-01
   0.13957024E-01
   0.35610028E-01
   0.14465501E-01
   0.19927191    
   0.93962538E-01
   0.11972953E-01
   0.11150422E-01
   0.17210405E-01
   0.21570025E-01
   0.11233806E-01
   0.50860403E-01
   0.18625135E-01
   0.15253097E-01
   0.10684323    
   0.28367099E-01
   0.10391202    
   -5.5627689    
   0.16163323    
   0.18539537    
   0.79520777    
    9.1201320    
   0.22642486E-01
   0.14427009E-01
   0.25711946E-01
   0.94431902E-01
   0.13957024E-01
   0.35610028E-01
   0.14465501E-01
   0.19927191    
   0.93962538E-01
   0.11972953E-01
   0.11150422E-01
   0.17210405E-01
   0.21570025E-01
   0.11233806E-01
   0.50860403E-01
   0.18625135E-01
   0.15253097E-01
   0.92907158E-01
   0.32622165E-01
   0.10391202    
   -5.5627689    
   0.16163323    
   0.18539537    
   0.79520777    
    9.1201207    
   0.22642486E-01
   0.14427009E-01
   0.25711946E-01
   0.94431902E-01
   0.13957024E-01
   0.35610028E-01
   0.14465501E-01
   0.19927191    
   0.93962538E-01
   0.11972953E-01
   0.11150422E-01
   0.17210405E-01
   0.21570025E-01
   0.11233806E-01
   0.50860403E-01
   0.18625135E-01
   0.15253097E-01
   0.92907158E-01
   0.28367099E-01
   0.11949882    
   -5.5627689    
   0.16163323    
   0.18539537    
   0.79520777    
    9.1201220    
   0.22642486E-01
   0.14427009E-01
   0.25711946E-01
   0.94431902E-01
   0.13957024E-01
   0.35610028E-01
   0.14465501E-01
   0.19927191    
   0.93962538E-01
   0.11972953E-01
   0.11150422E-01
   0.17210405E-01
   0.21570025E-01
   0.11233806E-01
   0.50860403E-01
   0.18625135E-01
   0.15253097E-01
   0.92907158E-01
   0.28367099E-01
   0.10391202    
   -6.3971843    
   0.16163323    
   0.18539537    
   0.79520777    
    9.1201255    
   0.22642486E-01
   0.14427009E-01
   0.25711946E-01
   0.94431902E-01
   0.13957024E-01
   0.35610028E-01
   0.14465501E-01
   0.19927191    
   0.93962538E-01
   0.11972953E-01
   0.11150422E-01
   0.17210405E-01
   0.21570025E-01
   0.11233806E-01
   0.50860403E-01
   0.18625135E-01
   0.15253097E-01
   0.92907158E-01
   0.28367099E-01
   0.10391202    
   -5.5627689    
   0.18587821    
   0.18539537    
   0.79520777    
    9.1201194    
   0.22642486E-01
   0.14427009E-01
   0.25711946E-01
   0.94431902E-01
   0.13957024E-01
   0.35610028E-01
   0.14465501E-01
   0.19927191    
   0.93962538E-01
   0.11972953E-01
   0.11150422E-01
   0.17210405E-01
   0.21570025E-01
   0.11233806E-01
   0.50860403E-01
   0.18625135E-01
   0.15253097E-01
   0.92907158E-01
   0.28367099E-01
   0.10391202    
   -5.5627689    
   0.16163323    
   0.21320467    
   0.79520777    
    9.1201220    
   0.22642486E-01
   0.14427009E-01
   0.25711946E-01
   0.94431902E-01
   0.13957024E-01
   0.35610028E-01
   0.14465501E-01
   0.19927191    
   0.93962538E-01
   0.11972953E-01
   0.11150422E-01
   0.17210405E-01
   0.21570025E-01
   0.11233806E-01
   0.50860403E-01
   0.18625135E-01
   0.15253097E-01
   0.92907158E-01
   0.28367099E-01
   0.10391202    
   -5.5627689    
   0.16163323    
   0.18539537    
   0.91448894    
    9.1201233    
   0.22642486E-01
   0.14427009E-01
   0.25711946E-01
   0.94431902E-01
   0.13957024E-01
   0.35610028E-01
   0.14465501E-01
   0.19927191    
   0.93962538E-01
   0.11972953E-01
   0.11150422E-01
   0.17210405E-01
   0.21570025E-01
   0.11233806E-01
   0.50860403E-01
   0.18625135E-01
   0.15253097E-01
   0.92907158E-01
   0.28367099E-01
   0.10391202    
   -5.5627689    
   0.16163323    
   0.18539537    
   0.79520777    
    9.1201212    
    9.1192303    
