    22.0672    
   -247.118    
   -1.43478    
   -19.8262    
    30.9099    
    1.05290    
  -0.215812E-02
   0.544026E-02
   0.228548E-01
   0.145623E-01
   0.259530E-01
   0.873495E-01
   0.140879E-01
   0.359439E-01
   0.146011E-01
   0.201140    
   0.948434E-01
   0.120852E-01
   0.112550E-01
   0.173718E-01
   0.217722E-01
   0.113391E-01
   0.513372E-01
   0.187997E-01
   0.153961E-01
   0.937782E-01
   0.286330E-01
   0.104886    
   -2.69873    
   0.782550E-01
    4.10170    
    1.47689    
     Q=    9.11923    
 B_rms=    45.6423    
